Define CharList
 ( 'A', 'B', 'C', 'D', 'E', 'F', 'G', 'H', 'I', 'J', 'K', 'L', 'M', 'N', 'O', 'P',
   'Q', 'R', 'S', 'T', 'U', 'V', 'W', 'X', 'Y', 'Z', 'a', 'b', 'c', 'd', 'e', 'f',
   'g', 'h', 'i', 'j', 'k', 'l', 'm', 'n', 'o', 'p', 'q', 'r', 's', 't', 'u', 'v',
   'w', 'x', 'y', 'z', '0', '1', '2', '3', '4', '5', '6', '7', '8', '9', '~', '`',
   '!', '@', '#', '$', '%', '^', '&', '*', '(', ')', '-', '_', '=', '+', '[', '{',
   ']', '}', ';', ':',"'", '"', ',', '<', '.', '>', '/', '?', '¡');

Define WidthList
 (  17,  14,  14,  16,  14,  13,  16,  16,   8,  13,  17,  13,  18,  17,  16,  14,
    16,  16,  13,  14,  16,  16,  21,  16,  16,  14,  11,  13,  11,  13,  11,   8,
    12,  14,   7,   7,  15,   7,  19,  13,  12,  13,  13,  11,  10,   9,  14,  13,
    20,  12,  12,  10,  12,  12,  12,  12,  12,  12,  12,  12,  12,  12,  13,  10,
     6,  16,  12,  12,  16,  10,  17,  12,  10,  10,   6,  10,  12,  12,  10,  10,
    10,  10,   6,   6,   5,   9,   6,  10,   6,  10,   9,  10,   6);

Define RectList
 ( (   0,  0, 25, 31), (  26,  0, 20, 31), (  47,  0, 20, 31), (  68,  0, 22, 31),
   (  91,  0, 21, 31), ( 113,  0, 20, 31), ( 134,  0, 23, 31), ( 158,  0, 22, 31),
   ( 181,  0, 14, 31), ( 196,  0, 19, 31), ( 216,  0, 24, 31), ( 241,  0, 20, 31),
   ( 262,  0, 24, 31), ( 287,  0, 23, 31), ( 311,  0, 22, 31), ( 334,  0, 20, 31),
   ( 355,  0, 23, 31), ( 379,  0, 22, 31), ( 402,  0, 19, 31), ( 422,  0, 22, 31),
   ( 445,  0, 22, 31), ( 468,  0, 24, 31), ( 493,  0, 29, 31), ( 523,  0, 24, 31),
   ( 548,  0, 24, 31), ( 573,  0, 21, 31), ( 595,  0, 18, 31), ( 614,  0, 20, 31),
   ( 635,  0, 18, 31), ( 654,  0, 20, 31), ( 675,  0, 18, 31), ( 694,  0, 17, 31),
   ( 712,  0, 19, 31), ( 732,  0, 21, 31), ( 754,  0, 14, 31), ( 769,  0, 14, 31),
   ( 784,  0, 22, 31), ( 807,  0, 14, 31), ( 822,  0, 26, 31), ( 849,  0, 20, 31),
   ( 870,  0, 19, 31), ( 890,  0, 20, 31), ( 911,  0, 20, 31), ( 932,  0, 18, 31),
   ( 951,  0, 17, 31), ( 969,  0, 17, 31), ( 987,  0, 21, 31), (1009,  0, 21, 31),
   (1031,  0, 28, 31), (1060,  0, 20, 31), (1081,  0, 19, 31), (1101,  0, 17, 31),
   (1119,  0, 18, 31), (1138,  0, 18, 31), (1157,  0, 19, 31), (1177,  0, 19, 31),
   (1197,  0, 19, 31), (1217,  0, 18, 31), (1236,  0, 18, 31), (1255,  0, 18, 31),
   (1274,  0, 18, 31), (1293,  0, 18, 31), (1312,  0, 18, 31), (1331,  0, 13, 31),
   (1345,  0, 12, 31), (1358,  0, 22, 31), (1381,  0, 17, 31), (1399,  0, 18, 31),
   (1418,  0, 24, 31), (1443,  0, 18, 31), (1462,  0, 25, 31), (1488,  0, 16, 31),
   (1505,  0, 16, 31), (1522,  0, 16, 31), (1539,  0, 13, 31), (1553,  0, 18, 31),
   (1572,  0, 18, 31), (1591,  0, 18, 31), (1610,  0, 15, 31), (1626,  0, 17, 31),
   (1644,  0, 15, 31), (1660,  0, 17, 31), (1678,  0, 12, 31), (1691,  0, 12, 31),
   (1704,  0, 11, 31), (1716,  0, 15, 31), (1732,  0, 12, 31), (1745,  0, 16, 31),
   (1762,  0, 12, 31), (1775,  0, 16, 31), (1792,  0, 17, 31), (1810,  0, 18, 31),
   (1829,  0, 12, 31));

Define OffsetList
 ( (-4, 0), (-3, 0), (-3, 0), (-3, 0), (-3, 0), (-3, 0), (-3, 0), (-3, 0),
   (-3, 0), (-3, 0), (-3, 0), (-3, 0), (-3, 0), (-3, 0), (-3, 0), (-3, 0),
   (-3, 0), (-3, 0), (-3, 0), (-4, 0), (-3, 0), (-4, 0), (-4, 0), (-4, 0),
   (-4, 0), (-3, 0), (-4, 0), (-4, 0), (-4, 0), (-4, 0), (-4, 0), (-5, 0),
   (-4, 0), (-4, 0), (-4, 0), (-5, 0), (-4, 0), (-4, 0), (-4, 0), (-4, 0),
   (-4, 0), (-4, 0), (-4, 0), (-4, 0), (-4, 0), (-4, 0), (-4, 0), (-4, 0),
   (-4, 0), (-4, 0), (-4, 0), (-4, 0), (-3, 0), (-3, 0), (-4, 0), (-4, 0),
   (-4, 0), (-3, 0), (-3, 0), (-3, 0), (-3, 0), (-3, 0), (-2, 0), (-2, 0),
   (-3, 0), (-3, 0), (-3, 0), (-3, 0), (-4, 0), (-4, 0), (-4, 0), (-2, 0),
   (-3, 0), (-3, 0), (-4, 0), (-4, 0), (-3, 0), (-3, 0), (-2, 0), (-4, 0),
   (-3, 0), (-3, 0), (-3, 0), (-3, 0), (-3, 0), (-3, 0), (-3, 0), (-3, 0),
   (-3, 0), (-3, 0), (-5, 0), (-4, 0), (-3, 0));

Define KerningPairs
 ("-T","-V","-Y","01","10","15","16","17","19","37","61","7,","7.","71","74","91",
  "AC","AG","AO","AT","AU","AV","AW","AY","At","Au","Av","Aw","BY","DA","DV","DW",
  "DY","F,","F.","FA","FJ","Fa","Fe","Fo","GA","GV","GW","GY","JA","KC","KG","KO",
  "KT","Ku","L-","LT","LV","LW","LY","NA","OA","OV","OW","OX","OY","P,","P.","PA",
  "PJ","Pe","Po","RC","RG","RT","RV","RW","RY","T,","T-","T.","TA","TJ","Ta","Tc",
  "Te","Tg","To","Ts","UA","V,","V-","V.","V:","V;","VA","VC","VG","VO","Va","Ve",
  "Vg","Vo","Vr","Vu","Vy","W,","W.","W:","W;","WA","WC","WG","WO","Wa","We","Wg",
  "Wo","Wr","Wu","Wy","XC","XO","Xu","Y,","Y-","Y.","Y:","Y;","YA","YC","YG","YO",
  "YS","Ya","Ye","Yg","Yo","Yp","Yu","Yv","Zv","av","ay","ku","nT","oT","r,","r.",
  "rk","rl","v,","v.","vc","ve","vo","w,","w.","wc","we","wo","y,","y.","yc","ye",
  "yl","yo");

Define KerningValues
 (  -1,  -1,  -1,  -1,  -1,  -1,  -1,  -1,  -1,  -1,  -1,  -1,  -1,  -1,  -1,  -1,
    -1,  -1,  -1,  -1,  -1,  -2,  -2,  -1,  -1,  -1,  -1,  -1,  -1,  -1,  -1,  -1,
    -1,  -1,  -1,  -1,  -1,  -1,  -1,  -1,  -1,  -1,  -1,  -1,  -1,  -1,  -1,  -1,
    -1,  -1,   1,  -1,  -1,  -1,  -1,  -1,  -1,  -1,  -1,  -1,  -1,  -1,  -1,  -1,
    -1,  -1,  -1,  -1,  -1,  -1,  -1,  -1,  -1,  -1,  -1,  -1,  -1,  -1,  -1,  -1,
    -1,  -1,  -1,  -1,  -1,  -2,  -1,  -2,  -1,  -1,  -2,  -1,  -1,  -1,  -2,  -2,
    -2,  -2,  -1,  -1,  -1,  -1,  -1,  -1,  -1,  -2,  -1,  -1,  -1,  -1,  -1,  -1,
    -1,  -1,  -1,  -1,  -1,  -1,  -1,  -1,  -1,  -1,  -2,  -1,  -2,  -1,  -1,  -1,
    -1,  -2,  -2,  -2,  -2,  -2,  -2,  -2,  -1,  -1,  -1,  -1,  -1,  -1,  -1,  -1,
    -1,  -1,  -1,  -1,  -1,  -1,  -1,  -1,  -1,  -1,  -1,  -1,  -1,  -1,  -1,  -1,
    -1,  -1);

CreateLayer               Main;
LayerSetImage             Main 'CooperBlack15';
LayerSetAscent            Main 22;
LayerSetCharWidths        Main CharList WidthList;
LayerSetCharWidths        Main (' ') (5);
LayerSetKerningPairs      Main KerningPairs KerningValues;
LayerSetImageMap          Main CharList RectList;
LayerSetCharOffsets       Main CharList OffsetList;
LayerSetAscentPadding     Main 4;
LayerSetLineSpacingOffset Main 4;
LayerSetPointSize         Main 15;

SetDefaultPointSize  15;
