Define CharList
 ( 'A', 'B', 'C', 'D', 'E', 'F', 'G', 'H', 'I', 'J', 'K', 'L', 'M', 'N', 'O', 'P',
   'Q', 'R', 'S', 'T', 'U', 'V', 'W', 'X', 'Y', 'Z', 'a', 'b', 'c', 'd', 'e', 'f',
   'g', 'h', 'i', 'j', 'k', 'l', 'm', 'n', 'o', 'p', 'q', 'r', 's', 't', 'u', 'v',
   'w', 'x', 'y', 'z', '0', '1', '2', '3', '4', '5', '6', '7', '8', '9', '~', '`',
   '!', '@', '#', '$', '%', '^', '&', '*', '(', ')', '-', '_', '=', '+', '[', '{',
   ']', '}', ';', ':',"'", '"', ',', '<', '.', '>', '/', '?', '¡');

Define WidthList
 (  16,  14,  15,  16,  13,  12,  16,  17,   7,   7,  14,  12,  18,  17,  18,  13,
    18,  14,  12,  14,  16,  14,  23,  16,  14,  14,  11,  12,  10,  12,  11,   6,
    11,  12,   5,   5,  11,   5,  19,  12,  12,  12,  12,   9,   9,   8,  12,  10,
    16,  11,  10,  10,  11,  11,  11,  11,  11,  11,  11,  11,  11,  11,  12,   7,
     5,  20,  12,  11,  14,  12,  15,   9,   8,   8,   7,  10,  12,  12,   9,   8,
     9,   8,   5,   5,   5,  10,   5,  12,   5,  12,   6,   8,   5);

Define RectList
 ( (   0,  0, 25, 34), (  26,  0, 21, 34), (  48,  0, 23, 34), (  72,  0, 23, 34),
   (  96,  0, 20, 34), ( 117,  0, 19, 34), ( 137,  0, 23, 34), ( 161,  0, 23, 34),
   ( 185,  0, 13, 34), ( 199,  0, 15, 34), ( 215,  0, 23, 34), ( 239,  0, 20, 34),
   ( 260,  0, 25, 34), ( 286,  0, 23, 34), ( 310,  0, 26, 34), ( 337,  0, 20, 34),
   ( 358,  0, 26, 34), ( 385,  0, 22, 34), ( 408,  0, 20, 34), ( 429,  0, 23, 34),
   ( 453,  0, 22, 34), ( 476,  0, 25, 34), ( 502,  0, 33, 34), ( 536,  0, 26, 34),
   ( 563,  0, 23, 34), ( 587,  0, 23, 34), ( 611,  0, 20, 34), ( 632,  0, 20, 34),
   ( 653,  0, 19, 34), ( 673,  0, 20, 34), ( 694,  0, 20, 34), ( 715,  0, 17, 34),
   ( 733,  0, 20, 34), ( 754,  0, 20, 34), ( 775,  0, 13, 34), ( 789,  0, 14, 34),
   ( 804,  0, 20, 34), ( 825,  0, 13, 34), ( 839,  0, 27, 34), ( 867,  0, 20, 34),
   ( 888,  0, 20, 34), ( 909,  0, 20, 34), ( 930,  0, 20, 34), ( 951,  0, 18, 34),
   ( 970,  0, 17, 34), ( 988,  0, 17, 34), (1006,  0, 20, 34), (1027,  0, 21, 34),
   (1049,  0, 25, 34), (1075,  0, 21, 34), (1097,  0, 21, 34), (1119,  0, 19, 34),
   (1139,  0, 19, 34), (1159,  0, 13, 34), (1173,  0, 19, 34), (1193,  0, 18, 34),
   (1212,  0, 19, 34), (1232,  0, 18, 34), (1251,  0, 19, 34), (1271,  0, 19, 34),
   (1291,  0, 19, 34), (1311,  0, 19, 34), (1331,  0, 21, 34), (1353,  0, 15, 34),
   (1369,  0, 13, 34), (1383,  0, 29, 34), (1413,  0, 22, 34), (1436,  0, 19, 34),
   (1456,  0, 23, 34), (1480,  0, 21, 34), (1502,  0, 24, 34), (1527,  0, 18, 34),
   (1546,  0, 17, 34), (1564,  0, 17, 34), (1582,  0, 15, 34), (1598,  0, 20, 34),
   (1619,  0, 20, 34), (1640,  0, 21, 34), (1662,  0, 17, 34), (1680,  0, 17, 34),
   (1698,  0, 17, 34), (1716,  0, 17, 34), (1734,  0, 13, 34), (1748,  0, 13, 34),
   (1762,  0, 13, 34), (1776,  0, 18, 34), (1795,  0, 13, 34), (1809,  0, 20, 34),
   (1830,  0, 13, 34), (1844,  0, 20, 34), (1865,  0, 16, 34), (1882,  0, 16, 34),
   (1899,  0, 13, 34));

Define OffsetList
 ( (-5, 0), (-3, 0), (-4, 0), (-3, 0), (-3, 0), (-3, 0), (-4, 0), (-3, 0),
   (-3, 0), (-5, 0), (-3, 0), (-3, 0), (-3, 0), (-3, 0), (-4, 0), (-3, 0),
   (-4, 0), (-3, 0), (-4, 0), (-5, 0), (-3, 0), (-6, 0), (-5, 0), (-5, 0),
   (-5, 0), (-5, 0), (-4, 0), (-4, 0), (-5, 0), (-4, 0), (-5, 0), (-5, 0),
   (-4, 0), (-4, 0), (-4, 0), (-5, 0), (-4, 0), (-4, 0), (-4, 0), (-4, 0),
   (-4, 0), (-4, 0), (-4, 0), (-4, 0), (-4, 0), (-4, 0), (-4, 0), (-5, 0),
   (-5, 0), (-5, 0), (-5, 0), (-5, 0), (-4, 0), (-1, 0), (-4, 0), (-4, 0),
   (-4, 0), (-4, 0), (-4, 0), (-4, 0), (-4, 0), (-4, 0), (-5, 0), (-5, 0),
   (-4, 0), (-4, 0), (-5, 0), (-4, 0), (-5, 0), (-5, 0), (-4, 0), (-4, 0),
   (-4, 0), (-5, 0), (-4, 0), (-5, 0), (-4, 0), (-4, 0), (-3, 0), (-4, 0),
   (-5, 0), (-5, 0), (-4, 0), (-4, 0), (-4, 0), (-4, 0), (-4, 0), (-4, 0),
   (-4, 0), (-4, 0), (-5, 0), (-5, 0), (-4, 0));

Define KerningPairs
 ("AC","AG","AO","AQ","AT","AV","AW","AY","D,","D.","DA","DV","DW","DY","F,","F.",
  "FA","Fe","Fo","KO","Ke","Ko","Ku","Ky","LT","LV","LW","LY","Ly","O,","O.","OA",
  "OT","OV","OW","OX","OY","P,","P.","PA","Pa","Pe","Po","RT","RU","RV","RW","RY",
  "T,","T-","T.","T:","T;","TA","TO","Ta","Te","To","Tr","Tu","Tw","Ty","UA","V,",
  "V-","V.","VA","VG","VO","Va","Ve","Vo","Vu","W,","W-","W.","WA","WO","Wa","We",
  "Wo","Wu","Wy","Y,","Y-","Y.","Y:","Y;","YA","YO","YS","Ya","Ye","Yo","Yu","av",
  "aw","ay","ev","hy","ke","ko","my","nv","o,","o.","ov","ow","ox","oy","p,","p.",
  "py","r,","r-","r.","r:","r;","rv","ry","v,","v.","w,","w.","xe","y,","y.","ye");

Define KerningValues
 (  -1,  -1,  -1,  -1,  -2,  -2,  -2,  -2,  -2,  -2,  -1,  -1,  -1,  -2,  -3,  -3,
    -1,  -1,  -1,  -1,  -1,  -1,  -1,  -2,  -2,  -2,  -2,  -2,  -1,  -1,  -1,  -1,
    -1,  -1,  -1,  -2,  -2,  -4,  -4,  -2,  -1,  -2,  -2,  -1,  -1,  -1,  -1,  -2,
    -3,  -4,  -3,  -1,  -1,  -2,  -1,  -3,  -3,  -3,  -2,  -3,  -3,  -3,  -1,  -3,
    -2,  -3,  -2,  -1,  -1,  -1,  -2,  -2,  -2,  -3,  -2,  -3,  -2,  -1,  -1,  -2,
    -2,  -2,  -1,  -3,  -3,  -3,  -1,  -1,  -2,  -2,  -1,  -2,  -3,  -3,  -2,  -1,
    -1,  -1,  -1,  -1,  -1,  -1,  -1,  -1,  -1,  -1,  -1,  -1,  -1,  -1,  -1,  -1,
    -1,  -2,  -2,  -2,   1,   1,   1,   1,  -1,  -1,  -1,  -1,  -1,  -2,  -2,  -1);

CreateLayer               Main;
LayerSetImage             Main 'GillSansMT15Bold';
LayerSetAscent            Main 24;
LayerSetCharWidths        Main CharList WidthList;
LayerSetCharWidths        Main (' ') (6);
LayerSetKerningPairs      Main KerningPairs KerningValues;
LayerSetImageMap          Main CharList RectList;
LayerSetCharOffsets       Main CharList OffsetList;
LayerSetAscentPadding     Main 5;
LayerSetLineSpacingOffset Main 5;
LayerSetPointSize         Main 15;

SetDefaultPointSize  15;
