Define CharList
 ( 'A', 'B', 'C', 'D', 'E', 'F', 'G', 'H', 'I', 'J', 'K', 'L', 'M', 'N', 'O', 'P',
   'Q', 'R', 'S', 'T', 'U', 'V', 'W', 'X', 'Y', 'Z', 'a', 'b', 'c', 'd', 'e', 'f',
   'g', 'h', 'i', 'j', 'k', 'l', 'm', 'n', 'o', 'p', 'q', 'r', 's', 't', 'u', 'v',
   'w', 'x', 'y', 'z', '0', '1', '2', '3', '4', '5', '6', '7', '8', '9', '~', '`',
   '!', '@', '#', '$', '%', '^', '&', '*', '(', ')', '-', '_', '=', '+', '[', '{',
   ']', '}', ';', ':',"'", '"', ',', '<', '.', '>', '/', '?', '¡', '¢', '£', '¥',
   '§', '©', '®', '¿', 'À', 'Á', 'Â', 'Ã', 'Ä', 'Å', 'Æ', 'Ç', 'È', 'É', 'Ê', 'Ë',
   'Ì', 'Í', 'Î', 'Ï', 'Ð', 'Ñ', 'Ò', 'Ó', 'Ô', 'Õ', 'Ö', 'Ø', 'Ù', 'Ú', 'Û', 'Ü',
   'Ý', 'ß', 'à', 'á', 'â', 'ã', 'ä', 'å', 'æ', 'ç', 'è', 'é', 'ê', 'ë', 'ì', 'í',
   'î', 'ï', 'ð', 'ñ', 'ò', 'ó', 'ô', 'õ', 'ö', 'ø', 'ù', 'ú', 'û', 'ü', 'ý', 'ÿ');

Define WidthList
 (  10,   8,  10,  11,   8,   8,  10,  11,   4,   4,  10,   7,  12,  11,  12,   9,
    12,   8,   7,   9,  12,   9,  14,  11,   9,  10,   6,   8,   7,   8,   8,   4,
     7,   7,   3,   4,   7,   3,  12,   7,   9,   8,   8,   5,   7,   6,   8,   7,
    11,   7,   8,   6,   7,   7,   7,   8,   7,   7,   7,   7,   8,   7,  12,   7,
     4,  16,  11,   7,  14,  15,  11,   6,   5,   5,   5,   8,  12,  12,   5,   7,
     6,   7,   4,   4,   2,   5,   4,  12,   4,  12,   5,   5,   4,   7,   7,   9,
     7,  12,  12,   5,  10,   9,   9,   9,   9,  10,  13,  10,   8,   8,   9,   8,
     4,   4,   4,   5,  11,  11,  12,  12,  13,  12,  12,  12,  11,  12,  11,  11,
     9,   7,   7,   6,   6,   6,   6,   7,  11,   6,   7,   7,   8,   7,   3,   3,
     3,   4,   8,   7,   8,   8,   9,   8,   8,   8,   7,   8,   7,   7,   7,   7);

Define RectList
 ( (   0,  0, 17, 24), (  19,  0, 13, 24), (  34,  0, 16, 24), (  52,  0, 16, 24),
   (  70,  0, 13, 24), (  85,  0, 13, 24), ( 100,  0, 16, 24), ( 118,  0, 15, 24),
   ( 135,  0,  8, 24), ( 145,  0, 11, 24), ( 158,  0, 15, 24), ( 175,  0, 13, 24),
   ( 190,  0, 16, 24), ( 208,  0, 16, 24), ( 226,  0, 17, 24), ( 245,  0, 14, 24),
   ( 261,  0, 18, 24), ( 281,  0, 14, 24), ( 297,  0, 12, 24), ( 311,  0, 16, 24),
   ( 329,  0, 16, 24), ( 347,  0, 17, 24), ( 366,  0, 21, 24), ( 389,  0, 17, 24),
   ( 408,  0, 16, 24), ( 426,  0, 15, 24), ( 443,  0, 13, 24), ( 458,  0, 13, 24),
   ( 473,  0, 12, 24), ( 487,  0, 13, 24), ( 502,  0, 13, 24), ( 517,  0, 11, 24),
   ( 530,  0, 13, 24), ( 545,  0, 12, 24), ( 559,  0,  8, 24), ( 569,  0,  9, 24),
   ( 580,  0, 14, 24), ( 596,  0,  8, 24), ( 606,  0, 17, 24), ( 625,  0, 13, 24),
   ( 640,  0, 14, 24), ( 656,  0, 13, 24), ( 671,  0, 13, 24), ( 686,  0, 11, 24),
   ( 699,  0, 11, 24), ( 712,  0, 11, 24), ( 725,  0, 13, 24), ( 740,  0, 13, 24),
   ( 755,  0, 18, 24), ( 775,  0, 14, 24), ( 791,  0, 14, 24), ( 807,  0, 13, 24),
   ( 822,  0, 14, 24), ( 838,  0,  8, 24), ( 848,  0, 13, 24), ( 863,  0, 12, 24),
   ( 877,  0, 13, 24), ( 892,  0, 13, 24), ( 907,  0, 13, 24), ( 922,  0, 14, 24),
   ( 938,  0, 13, 24), ( 953,  0, 13, 24), ( 968,  0, 17, 24), ( 987,  0, 10, 24),
   ( 999,  0,  9, 24), (1010,  0, 20, 24), (1032,  0, 17, 24), (1051,  0, 14, 24),
   (1067,  0, 20, 24), (1089,  0, 16, 24), (1107,  0, 16, 24), (1125,  0, 12, 24),
   (1139,  0, 10, 24), (1151,  0, 11, 24), (1164,  0, 10, 24), (1176,  0, 15, 24),
   (1193,  0, 16, 24), (1211,  0, 15, 24), (1228,  0, 10, 24), (1240,  0, 11, 24),
   (1253,  0, 10, 24), (1265,  0, 12, 24), (1279,  0,  8, 24), (1289,  0,  9, 24),
   (1300,  0,  8, 24), (1310,  0, 10, 24), (1322,  0,  8, 24), (1332,  0, 15, 24),
   (1349,  0,  9, 24), (1360,  0, 16, 24), (1378,  0, 11, 24), (1391,  0, 11, 24),
   (1404,  0,  8, 24), (1414,  0, 13, 24), (1429,  0, 13, 24), (1444,  0, 16, 24),
   (1462,  0, 13, 24), (1477,  0, 17, 24), (1496,  0, 17, 24), (1515,  0, 10, 24),
   (1527,  0, 17, 24), (1546,  0, 17, 24), (1565,  0, 16, 24), (1583,  0, 16, 24),
   (1601,  0, 17, 24), (1620,  0, 17, 24), (1639,  0, 20, 24), (1661,  0, 16, 24),
   (1679,  0, 13, 24), (1694,  0, 13, 24), (1709,  0, 13, 24), (1724,  0, 13, 24),
   (1739,  0, 10, 24), (1751,  0, 10, 24), (1763,  0, 11, 24), (1776,  0, 11, 24),
   (1789,  0, 17, 24), (1808,  0, 16, 24), (1826,  0, 17, 24), (1845,  0, 17, 24),
   (1864,  0, 18, 24), (1884,  0, 18, 24), (1904,  0, 18, 24), (1924,  0, 18, 24),
   (1944,  0, 16, 24), (1962,  0, 15, 24), (1979,  0, 15, 24), (1996,  0, 15, 24),
   (2013,  0, 16, 24), (2031,  0, 13, 24), (2046,  0, 13, 24), (2061,  0, 13, 24),
   (2076,  0, 13, 24), (2091,  0, 13, 24), (2106,  0, 13, 24), (2121,  0, 13, 24),
   (2136,  0, 17, 24), (2155,  0, 13, 24), (2170,  0, 13, 24), (2185,  0, 13, 24),
   (2200,  0, 13, 24), (2215,  0, 13, 24), (2230,  0,  9, 24), (2241,  0,  9, 24),
   (2252,  0, 11, 24), (2265,  0, 11, 24), (2278,  0, 14, 24), (2294,  0, 12, 24),
   (2308,  0, 13, 24), (2323,  0, 14, 24), (2339,  0, 14, 24), (2355,  0, 14, 24),
   (2371,  0, 14, 24), (2387,  0, 14, 24), (2403,  0, 13, 24), (2418,  0, 13, 24),
   (2433,  0, 13, 24), (2448,  0, 12, 24), (2462,  0, 14, 24), (2478,  0, 14, 24));

Define OffsetList
 ( (-1, 0), ( 0, 0), (-1, 0), ( 0, 0), ( 0, 0), ( 0, 0), (-1, 0), ( 0, 0),
   ( 0, 0), (-2, 0), ( 0, 0), ( 0, 0), ( 0, 0), ( 0, 0), ( 0, 0), ( 0, 0),
   (-1, 0), ( 0, 0), ( 0, 0), (-1, 0), ( 0, 0), (-2, 0), (-1, 0), (-1, 0),
   (-1, 0), ( 0, 0), (-1, 0), ( 0, 0), ( 0, 0), ( 0, 0), ( 0, 0), (-1, 0),
   (-1, 0), ( 0, 0), ( 0, 0), (-1, 0), (-1, 0), ( 0, 0), ( 0, 0), ( 0, 0),
   ( 0, 0), (-1, 0), (-1, 0), ( 0, 0), ( 0, 0), (-1, 0), (-1, 0), (-1, 0),
   (-1, 0), (-1, 0), (-1, 0), (-1, 0), (-1, 0), ( 2, 0), ( 0, 0), ( 0, 0),
   (-1, 0), (-1, 0), ( 0, 0), ( 0, 0), ( 0, 0), (-1, 0), ( 0, 0), ( 1, 0),
   ( 0, 0), ( 0, 0), (-1, 0), (-1, 0), ( 0, 0), ( 2, 0), ( 0, 0), (-1, 0),
   ( 0, 0), (-1, 0), ( 0, 0), (-1, 0), ( 0, 0), ( 1, 0), ( 0, 0), ( 1, 0),
   ( 0, 0), ( 0, 0), ( 0, 0), ( 0, 0), ( 0, 0), ( 0, 0), ( 0, 0), ( 1, 0),
   ( 0, 0), ( 1, 0), (-1, 0), (-1, 0), ( 0, 0), ( 0, 0), ( 0, 0), (-1, 0),
   (-1, 0), ( 0, 0), ( 0, 0), ( 0, 0), (-1, 0), (-2, 0), (-1, 0), (-1, 0),
   (-1, 0), (-1, 0), (-2, 0), (-1, 0), ( 0, 0), ( 0, 0), ( 0, 0), ( 0, 0),
   (-1, 0), ( 0, 0), (-1, 0), (-1, 0), (-1, 0), ( 0, 0), ( 0, 0), ( 0, 0),
   ( 0, 0), (-1, 0), (-1, 0), (-1, 0), ( 0, 0), ( 1, 0), ( 0, 0), ( 0, 0),
   (-1, 0), ( 0, 0), ( 0, 0), (-1, 0), (-1, 0), ( 0, 0), ( 0, 0), ( 0, 0),
   (-1, 0), (-1, 0), ( 0, 0), ( 0, 0), ( 0, 0), (-1, 0), (-1, 0), ( 0, 0),
   (-1, 0), (-1, 0), (-1, 0), ( 0, 0), ( 0, 0), ( 0, 0), ( 0, 0), (-1, 0),
   (-1, 0), (-1, 0), ( 0, 0), ( 0, 0), (-1, 0), ( 0, 0), (-1, 0), (-1, 0));

Define KerningPairs
 ("-J","-T","-V","-W","-Y","AT","AV","AY","F,","F-","F.","F:","F;","K-","LT","LV",
  "LW","LY","O,","O.","OX","P,","P-","P.","P:","P;","PA","PÅ","T,","T-","T.","T:",
  "T;","TA","Ta","Tc","Te","To","Tr","Ts","Tu","Tw","Ty","TÅ","Tæ","Tø","V,","V-",
  "V.","V:","V;","VA","Va","Ve","Vo","Vu","VÅ","Væ","Vø","W,","W-","W.","W:","W;",
  "Wa","We","Wo","Wæ","Wø","X-","XC","XO","XØ","Y,","Y-","Y.","Y:","Y;","YA","Ya",
  "Ye","Yo","Yu","YÅ","Yæ","Yø","r,","r.","v,","v.","w,","w.","y,","y.","ÅT","ÅV",
  "ÅY","Ø,","Ø.","ØX","LT","LV","LW","LY", "ck", "ti", "ot", "yo", "oj", "nl", "mp", "to", "na", "He", "ys", "al", "ch", "te","ty","ar","Ho","ow","pt", "ha",
"on", "ap", "ns", "te", "cl", "yo","ss","se");

Define KerningValues
 (   1,  -1,  -1,  -1,  -1,  -1,  -1,  -1,  -3,  -1,  -3,  -1,  -1,  -1,  -1,  -1,
    -1,  -1,  -1,  -1,  -1,  -3,  -1,  -3,  -1,  -1,  -1,  -1,  -2,  -1,  -2,  -2,
    -2,  -1,  -1,  -1,  -2,  -2,  -2,  -2,  -2,  -2,  -2,  -1,  -1,  -2,  -2,  -1,
    -2,  -1,  -1,  -1,  -1,  -1,  -1,  -1,  -1,  -1,  -1,  -2,  -1,  -2,  -1,  -1,
    -1,  -1,  -1,  -1,  -1,  -1,  -1,  -1,  -1,  -2,  -2,  -2,  -1,  -1,  -1,  -1,
    -1,  -2,  -1,  -1,  -1,  -1,  -1,  -1,  -1,  -1,  -1,  -1,  -1,  -1,  -1,  -1,
    -1,  -1,  -1,  -1,  -1,  -1,  -1,  -1, 1, -1, -1, -1, -1, 1, 1, -1, 1, -1, -1,1,0, -1,-2,1,-1,-1,-2,1,-1,1,1, -1, 1,-2,-1,-1);

CreateLayer               Main;
LayerSetImage             Main 'Humanst521BT10';
LayerSetAscent            Main 15;
LayerSetCharWidths        Main CharList WidthList;
LayerSetCharWidths        Main (' ') (3);
LayerSetKerningPairs      Main KerningPairs KerningValues;
LayerSetCharOffsets       Main CharList OffsetList;
LayerSetAscentPadding     Main 3;
LayerSetLineSpacingOffset Main -11;
LayerSetPointSize         Main 10;
LayerSetImageMap          Main CharList RectList;

SetDefaultPointSize  10;
