Define CharList
 ( 'A', 'B', 'C', 'D', 'E', 'F', 'G', 'H', 'I', 'J', 'K', 'L', 'M', 'N', 'O', 'P',
   'Q', 'R', 'S', 'T', 'U', 'V', 'W', 'X', 'Y', 'Z', 'a', 'b', 'c', 'd', 'e', 'f',
   'g', 'h', 'i', 'j', 'k', 'l', 'm', 'n', 'o', 'p', 'q', 'r', 's', 't', 'u', 'v',
   'w', 'x', 'y', 'z', '0', '1', '2', '3', '4', '5', '6', '7', '8', '9', '~', '`',
   '!', '@', '#', '$', '%', '^', '&', '*', '(', ')', '-', '_', '=', '+', '[', '{',
   ']', '}', ';', ':',"'", '"', ',', '<', '.', '>', '/', '?', '¡', '¢', '£', '¥',
   '§', '©', '®', '¿', 'À', 'Á', 'Â', 'Ã', 'Ä', 'Å', 'Æ', 'Ç', 'È', 'É', 'Ê', 'Ë',
   'Ì', 'Í', 'Î', 'Ï', 'Ð', 'Ñ', 'Ò', 'Ó', 'Ô', 'Õ', 'Ö', 'Ø', 'Ù', 'Ú', 'Û', 'Ü',
   'Ý', 'ß', 'à', 'á', 'â', 'ã', 'ä', 'å', 'æ', 'ç', 'è', 'é', 'ê', 'ë', 'ì', 'í',
   'î', 'ï', 'ð', 'ñ', 'ò', 'ó', 'ô', 'õ', 'ö', 'ø', 'ù', 'ú', 'û', 'ü', 'ý', 'ÿ');

Define WidthList
 (  10,   8,  10,  11,   8,   8,  10,  11,   4,   4,  10,   7,  12,  11,  12,   9,
    12,   8,   7,   9,  12,   9,  14,  11,   9,  10,   6,   8,   6,   8,   8,   4,
     7,   7,   3,   4,   7,   3,  12,   7,   9,   8,   8,   5,   6,   6,   8,   7,
    11,   7,   8,   6,   7,   7,   7,   8,   7,   7,   7,   7,   8,   7,  12,   7,
     4,  16,  11,   7,  14,  15,  11,   6,   5,   5,   5,   8,  12,  12,   5,   7,
     6,   7,   4,   4,   2,   5,   4,  12,   4,  12,   5,   5,   4,   7,   7,   9,
     7,  12,  12,   5,  10,   9,   9,   9,   9,  10,  13,  10,   8,   8,   9,   8,
     4,   4,   4,   5,  11,  11,  12,  12,  13,  12,  12,  12,  11,  12,  11,  11,
     9,   7,   7,   6,   6,   6,   6,   7,  11,   6,   7,   7,   8,   7,   3,   3,
     3,   4,   8,   7,   8,   8,   9,   8,   8,   8,   7,   8,   7,   7,   7,   7);

Define RectList
 ( (   0,  0, 11, 18), (  13,  0,  7, 18), (  22,  0, 10, 18), (  34,  0, 10, 18),
   (  46,  0,  7, 18), (  55,  0,  7, 18), (  64,  0, 10, 18), (  76,  0,  9, 18),
   (  87,  0,  2, 18), (  91,  0,  5, 18), (  98,  0,  9, 18), ( 109,  0,  7, 18),
   ( 118,  0, 10, 18), ( 130,  0, 10, 18), ( 142,  0, 11, 18), ( 155,  0,  8, 18),
   ( 165,  0, 12, 18), ( 179,  0,  8, 18), ( 189,  0,  6, 18), ( 197,  0, 10, 18),
   ( 209,  0, 10, 18), ( 221,  0, 11, 18), ( 234,  0, 15, 18), ( 251,  0, 11, 18),
   ( 264,  0, 10, 18), ( 276,  0,  9, 18), ( 287,  0,  7, 18), ( 296,  0,  7, 18),
   ( 305,  0,  6, 18), ( 313,  0,  7, 18), ( 322,  0,  7, 18), ( 331,  0,  5, 18),
   ( 338,  0,  7, 18), ( 347,  0,  6, 18), ( 355,  0,  2, 18), ( 359,  0,  3, 18),
   ( 364,  0,  8, 18), ( 374,  0,  2, 18), ( 378,  0, 11, 18), ( 391,  0,  7, 18),
   ( 400,  0,  8, 18), ( 410,  0,  7, 18), ( 419,  0,  7, 18), ( 428,  0,  5, 18),
   ( 435,  0,  5, 18), ( 442,  0,  5, 18), ( 449,  0,  7, 18), ( 458,  0,  7, 18),
   ( 467,  0, 12, 18), ( 481,  0,  8, 18), ( 491,  0,  8, 18), ( 501,  0,  7, 18),
   ( 510,  0,  8, 18), ( 520,  0,  2, 18), ( 524,  0,  7, 18), ( 533,  0,  6, 18),
   ( 541,  0,  7, 18), ( 550,  0,  7, 18), ( 559,  0,  7, 18), ( 568,  0,  8, 18),
   ( 578,  0,  7, 18), ( 587,  0,  7, 18), ( 596,  0, 11, 18), ( 609,  0,  4, 18),
   ( 615,  0,  3, 18), ( 620,  0, 14, 18), ( 636,  0, 11, 18), ( 649,  0,  8, 18),
   ( 659,  0, 14, 18), ( 675,  0, 10, 18), ( 687,  0, 10, 18), ( 699,  0,  6, 18),
   ( 707,  0,  4, 18), ( 713,  0,  5, 18), ( 720,  0,  4, 18), ( 726,  0,  9, 18),
   ( 737,  0, 10, 18), ( 749,  0,  9, 18), ( 760,  0,  4, 18), ( 766,  0,  5, 18),
   ( 773,  0,  4, 18), ( 779,  0,  6, 18), ( 787,  0,  2, 18), ( 791,  0,  3, 18),
   ( 796,  0,  2, 18), ( 800,  0,  4, 18), ( 806,  0,  2, 18), ( 810,  0,  9, 18),
   ( 821,  0,  3, 18), ( 826,  0, 10, 18), ( 838,  0,  5, 18), ( 845,  0,  5, 18),
   ( 852,  0,  2, 18), ( 856,  0,  7, 18), ( 865,  0,  7, 18), ( 874,  0, 10, 18),
   ( 886,  0,  7, 18), ( 895,  0, 11, 18), ( 908,  0, 11, 18), ( 921,  0,  4, 18),
   ( 927,  0, 11, 18), ( 940,  0, 11, 18), ( 953,  0, 10, 18), ( 965,  0, 10, 18),
   ( 977,  0, 11, 18), ( 990,  0, 11, 18), (1003,  0, 14, 18), (1019,  0, 10, 18),
   (1031,  0,  7, 18), (1040,  0,  7, 18), (1049,  0,  7, 18), (1058,  0,  7, 18),
   (1067,  0,  4, 18), (1073,  0,  4, 18), (1079,  0,  5, 18), (1086,  0,  5, 18),
   (1093,  0, 11, 18), (1106,  0, 10, 18), (1118,  0, 11, 18), (1131,  0, 11, 18),
   (1144,  0, 12, 18), (1158,  0, 12, 18), (1172,  0, 12, 18), (1186,  0, 12, 18),
   (1200,  0, 10, 18), (1212,  0,  9, 18), (1223,  0,  9, 18), (1234,  0,  9, 18),
   (1245,  0, 10, 18), (1257,  0,  7, 18), (1266,  0,  7, 18), (1275,  0,  7, 18),
   (1284,  0,  7, 18), (1293,  0,  7, 18), (1302,  0,  7, 18), (1311,  0,  7, 18),
   (1320,  0, 11, 18), (1333,  0,  7, 18), (1342,  0,  7, 18), (1351,  0,  7, 18),
   (1360,  0,  7, 18), (1369,  0,  7, 18), (1378,  0,  3, 18), (1383,  0,  3, 18),
   (1388,  0,  5, 18), (1395,  0,  5, 18), (1402,  0,  8, 18), (1412,  0,  6, 18),
   (1420,  0,  7, 18), (1429,  0,  8, 18), (1439,  0,  8, 18), (1449,  0,  8, 18),
   (1459,  0,  8, 18), (1469,  0,  8, 18), (1479,  0,  7, 18), (1488,  0,  7, 18),
   (1497,  0,  7, 18), (1506,  0,  6, 18), (1514,  0,  8, 18), (1524,  0,  8, 18));

Define OffsetList
 ( (-1, 1), ( 0, 1), (-1, 1), ( 0, 1), ( 0, 1), ( 0, 1), (-1, 1), ( 0, 1),
   ( 0, 1), (-2, 1), ( 0, 1), ( 0, 1), ( 0, 1), ( 0, 1), ( 0, 1), ( 0, 1),
   (-1, 1), ( 0, 1), ( 0, 1), (-1, 1), ( 0, 1), (-2, 1), (-1, 1), (-1, 1),
   (-1, 1), ( 0, 1), (-1, 1), ( 0, 1), ( 0, 1), ( 0, 1), ( 0, 1), (-1, 1),
   (-1, 1), ( 0, 1), ( 0, 1), (-1, 1), (-1, 1), ( 0, 1), ( 0, 1), ( 0, 1),
   ( 0, 1), (-1, 1), (-1, 1), ( 0, 1), ( 0, 1), (-1, 1), (-1, 1), (-1, 1),
   (-1, 1), (-1, 1), (-1, 1), (-1, 1), (-1, 1), ( 2, 1), ( 0, 1), ( 0, 1),
   (-1, 1), (-1, 1), ( 0, 1), ( 0, 1), ( 0, 1), (-1, 1), ( 0, 1), ( 1, 1),
   ( 0, 1), ( 0, 1), (-1, 1), (-1, 1), ( 0, 1), ( 2, 1), ( 0, 1), (-1, 1),
   ( 0, 1), (-1, 1), ( 0, 1), (-1, 1), ( 0, 1), ( 1, 1), ( 0, 1), ( 1, 1),
   ( 0, 1), ( 0, 1), ( 0, 1), ( 0, 1), ( 0, 1), ( 0, 1), ( 0, 1), ( 1, 1),
   ( 0, 1), ( 1, 1), (-1, 1), (-1, 1), ( 0, 1), ( 0, 1), ( 0, 1), (-1, 1),
   (-1, 1), ( 0, 1), ( 0, 1), ( 0, 1), (-1, 1), (-2, 1), (-1, 1), (-1, 1),
   (-1, 1), (-1, 1), (-2, 1), (-1, 1), ( 0, 1), ( 0, 1), ( 0, 1), ( 0, 1),
   (-1, 1), ( 0, 1), (-1, 1), (-1, 1), (-1, 1), ( 0, 1), ( 0, 1), ( 0, 1),
   ( 0, 1), (-1, 1), (-1, 1), (-1, 1), ( 0, 1), ( 1, 1), ( 0, 1), ( 0, 1),
   (-1, 1), ( 0, 1), ( 0, 1), (-1, 1), (-1, 1), ( 0, 1), ( 0, 1), ( 0, 1),
   (-1, 1), (-1, 1), ( 0, 1), ( 0, 1), ( 0, 1), (-1, 1), (-1, 1), ( 0, 1),
   (-1, 1), (-1, 1), (-1, 1), ( 0, 1), ( 0, 1), ( 0, 1), ( 0, 1), (-1, 1),
   (-1, 1), (-1, 1), ( 0, 1), ( 0, 1), (-1, 1), ( 0, 1), (-1, 1), (-1, 1));

Define KerningPairs
 ("-G","-J","-O","-T","-V","-W","-X","-Y","-Ø","AT","AV","AY","DY","F,","F-","F.",
  "F:","F;","FA","FÅ","K-","KC","KO","KT","KW","KY","Ky","KØ","LO","LT","LV","LW",
  "LY","Ly","LØ","O,","O.","OX","OY","P,","P-","P.","P:","P;","PA","Pa","Pe","Po",
  "PÅ","Pæ","Pø","T,","T-","T.","T:","T;","TA","TC","Ta","Tc","Te","To","Tr","Ts",
  "Tu","Tw","Ty","TÅ","Tæ","Tø","V,","V-","V.","V:","V;","VA","Va","Ve","Vo","Vu",
  "VÅ","Væ","Vø","W,","W-","W.","W:","W;","WA","Wa","We","Wo","Wr","Wu","WÅ","Wæ",
  "Wø","X-","XC","XO","XØ","Y,","Y-","Y.","Y:","Y;","YA","YO","Ya","Ye","Yo","Yu",
  "YÅ","YØ","Yæ","Yø","f,","f.","r,","r-","r.","v,","v.","w,","w.","y,","y.","ÅT",
  "ÅV","ÅY","ß-","Ø,","Ø.","ØX","ØY","LO","LT","LV","LW","LY","Ly","LØ","ÐY", "ch", "ha", "ck", "ng", "mp", "nl","yo","cu","pr","nt","su","cl");

Define KerningValues
 (   1,   1,   1,  -1,  -1,  -1,  -1,  -1,   1,  -1,  -1,  -1,  -1,  -3,  -1,  -3,
    -1,  -1,  -1,  -1,  -1,  -1,  -1,  -1,  -1,  -1,  -1,  -1,  -1,  -1,  -1,  -1,
    -1,  -1,  -1,  -1,  -1,  -1,  -1,  -4,  -1,  -4,  -1,  -1,  -1,  -1,  -1,  -1,
    -1,  -1,  -1,  -2,  -1,  -2,  -2,  -2,  -1,  -1,  -2,  -2,  -3,  -3,  -3,  -3,
    -3,  -3,  -3,  -1,  -2,  -3,  -2,  -1,  -2,  -1,  -1,  -1,  -1,  -1,  -1,  -1,
    -1,  -1,  -1,  -2,  -1,  -2,  -1,  -1,  -1,  -1,  -1,  -1,  -1,  -1,  -1,  -1,
    -1,  -1,  -1,  -1,  -1,  -2,  -2,  -2,  -2,  -2,  -1,  -1,  -2,  -2,  -2,  -2,
    -1,  -1,  -2,  -2,  -1,  -1,  -2,  -1,  -2,  -1,  -1,  -1,  -1,  -1,  -1,  -1,
    -1,  -1,   1,  -1,  -1,  -1,  -1,  -1,  -1,  -1,  -1,  -1,  -1,  -1,  -1, 1, 1, 1, 1, 1, 1,-2,2,-1,1,1,1);

CreateLayer               Main;
LayerSetImage             Main 'Humanst521BT11';
LayerSetAscent            Main 14;
LayerSetCharWidths        Main CharList WidthList;
LayerSetCharWidths        Main (' ') (4);
LayerSetKerningPairs      Main KerningPairs KerningValues;
LayerSetCharOffsets       Main CharList OffsetList;
LayerSetAscentPadding     Main 0;
LayerSetLineSpacingOffset Main 0;
LayerSetPointSize         Main 11;
LayerSetImageMap          Main CharList RectList;

SetDefaultPointSize  11;
