Define CharList
 ( 'A', 'B', 'C', 'D', 'E', 'F', 'G', 'H', 'I', 'J', 'K', 'L', 'M', 'N', 'O', 'P',
   'Q', 'R', 'S', 'T', 'U', 'V', 'W', 'X', 'Y', 'Z', 'a', 'b', 'c', 'd', 'e', 'f',
   'g', 'h', 'i', 'j', 'k', 'l', 'm', 'n', 'o', 'p', 'q', 'r', 's', 't', 'u', 'v',
   'w', 'x', 'y', 'z', '0', '1', '2', '3', '4', '5', '6', '7', '8', '9', '~', '`',
   '!', '@', '#', '$', '%', '^', '&', '*', '(', ')', '-', '_', '=', '+', '[', '{',
   ']', '}', ';', ':',"'", '"', ',', '<', '.', '>', '/', '?', '¡', '¢', '£', '¥',
   '§', '©', '®', '¿', 'À', 'Á', 'Â', 'Ã', 'Ä', 'Å', 'Æ', 'Ç', 'È', 'É', 'Ê', 'Ë',
   'Ì', 'Í', 'Î', 'Ï', 'Ð', 'Ñ', 'Ò', 'Ó', 'Ô', 'Õ', 'Ö', 'Ø', 'Ù', 'Ú', 'Û', 'Ü',
   'Ý', 'ß', 'à', 'á', 'â', 'ã', 'ä', 'å', 'æ', 'ç', 'è', 'é', 'ê', 'ë', 'ì', 'í',
   'î', 'ï', 'ð', 'ñ', 'ò', 'ó', 'ô', 'õ', 'ö', 'ø', 'ù', 'ú', 'û', 'ü', 'ý', 'ÿ');

Define WidthList
 (  13,  12,  12,  13,  10,   9,  13,  14,   6,   6,  12,   9,  15,  14,  14,  11,
    14,  11,  10,  11,  13,  12,  17,  14,  12,  12,   9,  10,   8,  10,   9,   5,
     9,  10,   4,   4,  10,   4,  15,  10,  10,  10,  10,   7,   7,   7,  10,   8,
    13,   9,   8,   9,   9,   9,   9,   9,   9,   9,   9,   9,   9,   9,  14,   9,
     6,  17,  13,   9,  17,  17,  13,   9,   6,   6,   6,   9,  14,  14,   6,   9,
     6,   9,   5,   5,   3,   6,   5,  14,   5,  14,   5,   7,   6,   9,   9,  11,
     9,  14,  14,   7,  13,  13,  13,  13,  13,  13,  17,  12,  10,  10,  10,  10,
     6,   6,   6,   6,  14,  14,  14,  14,  14,  14,  14,  14,  13,  13,  13,  13,
    12,  10,   9,   9,   9,   9,   9,   9,  14,   8,   9,   9,   9,   9,   4,   4,
     4,   4,  10,  10,  10,  10,  10,  10,  10,  10,  10,  10,  10,  10,   8,   8);

Define RectList
 ( (   0,  0, 14, 26), (  16,  0, 11, 26), (  29,  0, 12, 26), (  43,  0, 12, 26),
   (  57,  0,  9, 26), (  68,  0,  8, 26), (  78,  0, 12, 26), (  92,  0, 12, 26),
   ( 106,  0,  4, 26), ( 112,  0,  6, 26), ( 120,  0, 12, 26), ( 134,  0,  9, 26),
   ( 145,  0, 13, 26), ( 160,  0, 13, 26), ( 175,  0, 14, 26), ( 191,  0, 10, 26),
   ( 203,  0, 14, 26), ( 219,  0, 11, 26), ( 232,  0, 10, 26), ( 244,  0, 12, 26),
   ( 258,  0, 12, 26), ( 272,  0, 14, 26), ( 288,  0, 19, 26), ( 309,  0, 15, 26),
   ( 326,  0, 13, 26), ( 341,  0, 12, 26), ( 355,  0,  9, 26), ( 366,  0, 10, 26),
   ( 378,  0,  8, 26), ( 388,  0,  9, 26), ( 399,  0,  9, 26), ( 410,  0,  7, 26),
   ( 419,  0,  9, 26), ( 430,  0,  9, 26), ( 441,  0,  4, 26), ( 447,  0,  5, 26),
   ( 454,  0, 10, 26), ( 466,  0,  4, 26), ( 472,  0, 15, 26), ( 489,  0,  9, 26),
   ( 500,  0, 10, 26), ( 512,  0, 10, 26), ( 524,  0,  9, 26), ( 535,  0,  8, 26),
   ( 545,  0,  7, 26), ( 554,  0,  7, 26), ( 563,  0,  9, 26), ( 574,  0, 10, 26),
   ( 586,  0, 15, 26), ( 603,  0, 11, 26), ( 616,  0, 10, 26), ( 628,  0,  9, 26),
   ( 639,  0,  9, 26), ( 650,  0,  4, 26), ( 656,  0,  9, 26), ( 667,  0,  9, 26),
   ( 678,  0,  9, 26), ( 689,  0,  9, 26), ( 700,  0,  9, 26), ( 711,  0,  9, 26),
   ( 722,  0,  9, 26), ( 733,  0,  9, 26), ( 744,  0, 12, 26), ( 758,  0,  5, 26),
   ( 765,  0,  4, 26), ( 771,  0, 17, 26), ( 790,  0, 13, 26), ( 805,  0,  9, 26),
   ( 816,  0, 17, 26), ( 835,  0, 11, 26), ( 848,  0, 13, 26), ( 863,  0,  8, 26),
   ( 873,  0,  7, 26), ( 882,  0,  7, 26), ( 891,  0,  6, 26), ( 899,  0,  9, 26),
   ( 910,  0, 11, 26), ( 923,  0, 11, 26), ( 936,  0,  6, 26), ( 944,  0,  7, 26),
   ( 953,  0,  6, 26), ( 961,  0,  7, 26), ( 970,  0,  4, 26), ( 976,  0,  4, 26),
   ( 982,  0,  3, 26), ( 987,  0,  6, 26), ( 995,  0,  4, 26), (1001,  0, 11, 26),
   (1014,  0,  4, 26), (1020,  0, 11, 26), (1033,  0,  7, 26), (1042,  0,  7, 26),
   (1051,  0,  4, 26), (1057,  0,  9, 26), (1068,  0,  8, 26), (1078,  0, 13, 26),
   (1093,  0,  9, 26), (1104,  0, 14, 26), (1120,  0, 14, 26), (1136,  0,  7, 26),
   (1145,  0, 14, 26), (1161,  0, 14, 26), (1177,  0, 14, 26), (1193,  0, 14, 26),
   (1209,  0, 14, 26), (1225,  0, 14, 26), (1241,  0, 17, 26), (1260,  0, 12, 26),
   (1274,  0,  9, 26), (1285,  0,  9, 26), (1296,  0,  9, 26), (1307,  0,  9, 26),
   (1318,  0,  5, 26), (1325,  0,  5, 26), (1332,  0,  6, 26), (1340,  0,  6, 26),
   (1348,  0, 13, 26), (1363,  0, 13, 26), (1378,  0, 14, 26), (1394,  0, 14, 26),
   (1410,  0, 14, 26), (1426,  0, 14, 26), (1442,  0, 14, 26), (1458,  0, 14, 26),
   (1474,  0, 12, 26), (1488,  0, 12, 26), (1502,  0, 12, 26), (1516,  0, 12, 26),
   (1530,  0, 13, 26), (1545,  0, 10, 26), (1557,  0,  9, 26), (1568,  0,  9, 26),
   (1579,  0,  9, 26), (1590,  0,  9, 26), (1601,  0,  9, 26), (1612,  0,  9, 26),
   (1623,  0, 14, 26), (1639,  0,  8, 26), (1649,  0,  9, 26), (1660,  0,  9, 26),
   (1671,  0,  9, 26), (1682,  0,  9, 26), (1693,  0,  5, 26), (1700,  0,  5, 26),
   (1707,  0,  6, 26), (1715,  0,  6, 26), (1723,  0, 10, 26), (1735,  0,  9, 26),
   (1746,  0, 10, 26), (1758,  0, 10, 26), (1770,  0, 10, 26), (1782,  0, 10, 26),
   (1794,  0, 10, 26), (1806,  0, 10, 26), (1818,  0,  9, 26), (1829,  0,  9, 26),
   (1840,  0,  9, 26), (1851,  0,  9, 26), (1862,  0, 10, 26), (1874,  0, 10, 26));

Define OffsetList
 ( (-1, 0), ( 1, 0), ( 0, 0), ( 1, 0), ( 1, 0), ( 1, 0), ( 0, 0), ( 1, 0),
   ( 1, 0), (-1, 0), ( 1, 0), ( 1, 0), ( 1, 0), ( 1, 0), ( 0, 0), ( 1, 0),
   ( 0, 0), ( 1, 0), ( 0, 0), ( 0, 0), ( 1, 0), (-1, 0), (-1, 0), (-1, 0),
   (-1, 0), ( 0, 0), ( 0, 0), ( 0, 0), ( 0, 0), ( 0, 0), ( 0, 0), (-1, 0),
   ( 0, 0), ( 0, 0), ( 0, 0), (-1, 0), ( 0, 0), ( 0, 0), ( 0, 0), ( 0, 0),
   ( 0, 0), ( 0, 0), ( 0, 0), ( 0, 0), ( 0, 0), ( 0, 0), ( 0, 0), (-1, 0),
   (-1, 0), (-1, 0), (-1, 0), ( 0, 0), ( 0, 0), ( 3, 0), ( 0, 0), ( 0, 0),
   ( 0, 0), ( 0, 0), ( 0, 0), ( 0, 0), ( 0, 0), ( 0, 0), ( 1, 0), ( 1, 0),
   ( 1, 0), ( 0, 0), ( 0, 0), ( 0, 0), ( 0, 0), ( 3, 0), ( 0, 0), ( 0, 0),
   ( 0, 0), (-1, 0), ( 0, 0), ( 0, 0), ( 2, 0), ( 2, 0), ( 1, 0), ( 1, 0),
   ( 0, 0), ( 1, 0), ( 0, 0), ( 0, 0), ( 0, 0), ( 0, 0), ( 0, 0), ( 2, 0),
   ( 0, 0), ( 2, 0), (-1, 0), ( 0, 0), ( 1, 0), ( 0, 0), ( 1, 0), (-1, 0),
   ( 0, 0), ( 0, 0), ( 0, 0), ( 0, 0), (-1, 0), (-1, 0), (-1, 0), (-1, 0),
   (-1, 0), (-1, 0), (-1, 0), ( 0, 0), ( 1, 0), ( 1, 0), ( 1, 0), ( 1, 0),
   ( 0, 0), ( 1, 0), ( 0, 0), ( 0, 0), ( 0, 0), ( 1, 0), ( 0, 0), ( 0, 0),
   ( 0, 0), ( 0, 0), ( 0, 0), ( 0, 0), ( 1, 0), ( 1, 0), ( 1, 0), ( 1, 0),
   (-1, 0), ( 0, 0), ( 0, 0), ( 0, 0), ( 0, 0), ( 0, 0), ( 0, 0), ( 0, 0),
   ( 0, 0), ( 0, 0), ( 0, 0), ( 0, 0), ( 0, 0), ( 0, 0), (-1, 0), ( 0, 0),
   (-1, 0), (-1, 0), ( 0, 0), ( 0, 0), ( 0, 0), ( 0, 0), ( 0, 0), ( 0, 0),
   ( 0, 0), ( 0, 0), ( 0, 0), ( 0, 0), ( 0, 0), ( 0, 0), (-1, 0), (-1, 0));

Define KerningPairs
 ("-G","-O","-T","-V","-W","-X","-Y","-Ø","AT","AV","AW","AY","D-","DY","F,","F.",
  "F:","F;","K-","KC","KO","KT","KY","Ky","KØ","LO","LT","LV","LW","LY","Ly","LØ",
  "O,","O.","OY","P,","P-","P.","PA","Pa","Pe","Po","PÅ","Pæ","Pø","T,","T-","T.",
  "T:","T;","TA","Ta","Tc","Te","To","Tr","Ts","Tu","Tw","Ty","TÅ","Tæ","Tø","V,",
  "V-","V.","V:","V;","VA","Va","Ve","Vo","Vu","VÅ","Væ","Vø","W,","W-","W.","W:",
  "W;","WA","Wa","We","Wo","Wr","Wu","WÅ","Wæ","Wø","X-","Y,","Y-","Y.","Y:","Y;",
  "YA","YC","YO","Ya","Ye","Yo","Yu","YÅ","YØ","Yæ","Yø","r,","r.","v,","v.","w,",
  "w-","w.","y,","y.","ÅT","ÅV","ÅW","ÅY","ß-","Ø,","Ø.","ØY","LO","LT","LV","LW",
  "LY","Ly","LØ","Ð-","ÐY","fu", "fa", "ma", "of", "ft", "bu", "ti", "Ha", "sa", "ra", "hi", "ff", "of");

Define KerningValues
 (   1,   1,  -2,  -1,  -1,  -1,  -1,   1,  -1,  -1,  -1,  -1,   1,  -1,  -3,  -3,
    -1,  -1,  -1,  -1,  -1,  -1,  -1,  -1,  -1,  -1,  -1,  -1,  -1,  -1,  -1,  -1,
    -1,  -1,  -1,  -4,  -1,  -4,  -1,  -1,  -1,  -1,  -1,  -1,  -1,  -3,  -2,  -3,
    -2,  -2,  -1,  -3,  -3,  -3,  -3,  -3,  -2,  -2,  -2,  -2,  -1,  -3,  -3,  -2,
    -1,  -2,  -1,  -1,  -1,  -1,  -2,  -2,  -1,  -1,  -1,  -2,  -2,  -1,  -2,  -1,
    -1,  -1,  -1,  -1,  -1,  -1,  -1,  -1,  -1,  -1,  -1,  -2,  -2,  -2,  -2,  -2,
    -2,  -1,  -1,  -2,  -2,  -2,  -2,  -2,  -1,  -2,  -2,  -2,  -2,  -1,  -1,  -1,
     1,  -1,  -1,  -1,  -1,  -1,  -1,  -1,   1,  -1,  -1,  -1,  -1,  -1,  -1,  -1,
    -1,  -1,  -1,   1,  -1, 1, 1, 1, 1, 1, 1, 1,1, 0, 1, -1, 1, -1);

CreateLayer               Main;
LayerSetImage             Main 'Humanst521BT13Bold';
LayerSetAscent            Main 18;
LayerSetCharWidths        Main CharList WidthList;
LayerSetCharWidths        Main (' ') (5);
LayerSetKerningPairs      Main KerningPairs KerningValues;
LayerSetCharOffsets       Main CharList OffsetList;
LayerSetAscentPadding     Main 2;
LayerSetLineSpacingOffset Main -7;
LayerSetPointSize         Main 13;
LayerSetImageMap          Main CharList RectList;

SetDefaultPointSize  13;
