Define CharList
 ( 'A', 'B', 'C', 'D', 'E', 'F', 'G', 'H', 'I', 'J', 'K', 'L', 'M', 'N', 'O', 'P',
   'Q', 'R', 'S', 'T', 'U', 'V', 'W', 'X', 'Y', 'Z', 'a', 'b', 'c', 'd', 'e', 'f',
   'g', 'h', 'i', 'j', 'k', 'l', 'm', 'n', 'o', 'p', 'q', 'r', 's', 't', 'u', 'v',
   'w', 'x', 'y', 'z', '0', '1', '2', '3', '4', '5', '6', '7', '8', '9', '~', '`',
   '!', '@', '#', '$', '%', '^', '&', '*', '(', ')', '-', '_', '=', '+', '[', '{',
   ']', '}', ';', ':',"'", '"', ',', '<', '.', '>', '/', '?', '¡', '¢', '£', '¥',
   '§', '©', '®', '¿', 'À', 'Á', 'Â', 'Ã', 'Ä', 'Å', 'Æ', 'Ç', 'È', 'É', 'Ê', 'Ë',
   'Ì', 'Í', 'Î', 'Ï', 'Ð', 'Ñ', 'Ò', 'Ó', 'Ô', 'Õ', 'Ö', 'Ø', 'Ù', 'Ú', 'Û', 'Ü',
   'Ý', 'ß', 'à', 'á', 'â', 'ã', 'ä', 'å', 'æ', 'ç', 'è', 'é', 'ê', 'ë', 'ì', 'í',
   'î', 'ï', 'ð', 'ñ', 'ò', 'ó', 'ô', 'õ', 'ö', 'ø', 'ù', 'ú', 'û', 'ü', 'ý', 'ÿ');

Define WidthList
 (  11,   9,  11,  10,   8,   8,  10,  11,   4,   5,  10,   7,  13,  11,  12,   9,
    11,  10,   8,   9,  11,   9,  14,  11,  10,  10,   7,   8,   7,   8,   8,   3,
     8,   8,   4,   4,   7,   4,  12,   8,   8,   8,   8,   5,   6,   6,   8,   7,
    10,   8,   7,   6,   8,   7,   8,   8,   7,   8,   7,   8,   8,   7,  12,   6,
     5,  15,  10,   8,  13,  15,  11,   6,   5,   4,   5,   7,  11,  12,   4,   7,
     5,   6,   4,   3,   3,   5,   3,  12,   3,  12,   4,   5,   5,   7,   8,   9,
     7,  12,  11,   6,  11,  10,  11,  10,  11,  11,  13,  10,   7,   8,   8,   7,
     5,   4,   5,   5,  10,  12,  11,  12,  12,  11,  12,  11,  11,  11,  10,  11,
    10,   7,   8,   7,   8,   8,   7,   8,  11,   7,   8,   7,   8,   7,   4,   4,
     3,   4,   7,   8,   8,   7,   8,   7,   8,   8,   7,   8,   7,   8,   6,   7);

Define RectList
 ( (   0,  0, 16, 22), (  18,  0, 14, 22), (  34,  0, 14, 22), (  50,  0, 14, 22),
   (  66,  0, 12, 22), (  80,  0, 11, 22), (  93,  0, 14, 22), ( 109,  0, 14, 22),
   ( 125,  0,  7, 22), ( 134,  0,  9, 22), ( 145,  0, 14, 22), ( 161,  0, 12, 22),
   ( 175,  0, 16, 22), ( 193,  0, 14, 22), ( 209,  0, 16, 22), ( 227,  0, 12, 22),
   ( 241,  0, 16, 22), ( 259,  0, 14, 22), ( 275,  0, 12, 22), ( 289,  0, 13, 22),
   ( 304,  0, 14, 22), ( 320,  0, 16, 22), ( 338,  0, 19, 22), ( 359,  0, 16, 22),
   ( 377,  0, 15, 22), ( 394,  0, 14, 22), ( 410,  0, 12, 22), ( 424,  0, 12, 22),
   ( 438,  0, 11, 22), ( 451,  0, 12, 22), ( 465,  0, 12, 22), ( 479,  0, 10, 22),
   ( 491,  0, 12, 22), ( 505,  0, 12, 22), ( 519,  0,  7, 22), ( 528,  0,  8, 22),
   ( 538,  0, 12, 22), ( 552,  0,  7, 22), ( 561,  0, 16, 22), ( 579,  0, 12, 22),
   ( 593,  0, 12, 22), ( 607,  0, 12, 22), ( 621,  0, 12, 22), ( 635,  0, 11, 22),
   ( 648,  0, 10, 22), ( 660,  0, 10, 22), ( 672,  0, 12, 22), ( 686,  0, 12, 22),
   ( 700,  0, 17, 22), ( 719,  0, 13, 22), ( 734,  0, 12, 22), ( 748,  0, 11, 22),
   ( 761,  0, 12, 22), ( 775,  0,  7, 22), ( 784,  0, 11, 22), ( 797,  0, 11, 22),
   ( 810,  0, 12, 22), ( 824,  0, 11, 22), ( 837,  0, 12, 22), ( 851,  0, 12, 22),
   ( 865,  0, 12, 22), ( 879,  0, 11, 22), ( 892,  0, 15, 22), ( 909,  0,  8, 22),
   ( 919,  0,  8, 22), ( 929,  0, 18, 22), ( 949,  0, 15, 22), ( 966,  0, 11, 22),
   ( 979,  0, 18, 22), ( 999,  0, 14, 22), (1015,  0, 15, 22), (1032,  0, 11, 22),
   (1045,  0,  9, 22), (1056,  0, 10, 22), (1068,  0,  9, 22), (1079,  0, 12, 22),
   (1093,  0, 13, 22), (1108,  0, 13, 22), (1123,  0, 10, 22), (1135,  0, 10, 22),
   (1147,  0,  9, 22), (1158,  0, 10, 22), (1170,  0,  7, 22), (1179,  0,  8, 22),
   (1189,  0,  6, 22), (1197,  0,  9, 22), (1208,  0,  7, 22), (1217,  0, 13, 22),
   (1232,  0,  8, 22), (1242,  0, 14, 22), (1258,  0, 10, 22), (1270,  0,  9, 22),
   (1281,  0,  7, 22), (1290,  0, 12, 22), (1304,  0, 12, 22), (1318,  0, 14, 22),
   (1334,  0, 11, 22), (1347,  0, 15, 22), (1364,  0, 16, 22), (1382,  0,  9, 22),
   (1393,  0, 16, 22), (1411,  0, 16, 22), (1429,  0, 16, 22), (1447,  0, 16, 22),
   (1465,  0, 16, 22), (1483,  0, 16, 22), (1501,  0, 19, 22), (1522,  0, 14, 22),
   (1538,  0, 11, 22), (1551,  0, 12, 22), (1565,  0, 11, 22), (1578,  0, 12, 22),
   (1592,  0,  7, 22), (1601,  0,  8, 22), (1611,  0,  9, 22), (1622,  0,  9, 22),
   (1633,  0, 16, 22), (1651,  0, 15, 22), (1668,  0, 16, 22), (1686,  0, 16, 22),
   (1704,  0, 16, 22), (1722,  0, 16, 22), (1740,  0, 15, 22), (1757,  0, 16, 22),
   (1775,  0, 15, 22), (1792,  0, 14, 22), (1808,  0, 14, 22), (1824,  0, 14, 22),
   (1840,  0, 16, 22), (1858,  0, 12, 22), (1872,  0, 12, 22), (1886,  0, 12, 22),
   (1900,  0, 12, 22), (1914,  0, 12, 22), (1928,  0, 12, 22), (1942,  0, 12, 22),
   (1956,  0, 16, 22), (1974,  0, 11, 22), (1987,  0, 12, 22), (2001,  0, 11, 22),
   (2014,  0, 12, 22), (2028,  0, 12, 22), (2042,  0,  8, 22), (2052,  0,  8, 22),
   (2062,  0,  9, 22), (2073,  0,  9, 22), (2084,  0, 12, 22), (2098,  0, 11, 22),
   (2111,  0, 12, 22), (2125,  0, 12, 22), (2139,  0, 12, 22), (2153,  0, 12, 22),
   (2167,  0, 13, 22), (2182,  0, 12, 22), (2196,  0, 12, 22), (2210,  0, 11, 22),
   (2223,  0, 12, 22), (2237,  0, 11, 22), (2250,  0, 13, 22), (2265,  0, 12, 22));

Define OffsetList
 ( ( 0, 1), ( 0, 1), ( 1, 1), ( 1, 1), ( 1, 1), ( 1, 1), ( 0, 1), ( 1, 1),
   ( 1, 1), ( 0, 1), ( 1, 1), ( 0, 1), ( 1, 1), ( 1, 1), ( 1, 1), ( 1, 1),
   ( 0, 1), ( 1, 1), ( 0, 1), ( 1, 1), ( 1, 1), (-1, 1), ( 0, 1), ( 0, 1),
   ( 0, 1), ( 0, 1), ( 0, 1), ( 1, 1), ( 0, 1), ( 1, 1), ( 0, 1), (-1, 1),
   ( 0, 1), ( 0, 1), ( 1, 1), ( 0, 1), ( 0, 1), ( 1, 1), ( 0, 1), ( 1, 1),
   ( 0, 1), ( 0, 1), ( 0, 1), ( 0, 1), ( 1, 1), ( 0, 1), ( 0, 1), ( 0, 1),
   (-1, 1), ( 0, 1), ( 0, 1), ( 0, 1), ( 0, 1), ( 2, 1), ( 1, 1), ( 1, 1),
   ( 0, 1), ( 1, 1), ( 0, 1), ( 1, 1), ( 0, 1), ( 0, 1), ( 1, 1), ( 1, 1),
   ( 1, 1), ( 1, 1), ( 0, 1), ( 1, 1), ( 0, 1), ( 3, 1), ( 0, 1), ( 0, 1),
   ( 1, 1), (-1, 1), ( 1, 1), ( 0, 1), ( 1, 1), ( 2, 1), ( 0, 1), ( 1, 1),
   ( 0, 1), ( 0, 1), ( 1, 1), ( 0, 1), ( 1, 1), ( 0, 1), ( 0, 1), ( 2, 1),
   ( 0, 1), ( 2, 1), (-1, 1), ( 0, 1), ( 1, 1), ( 0, 1), ( 1, 1), ( 0, 1),
   ( 0, 1), ( 1, 1), ( 0, 1), ( 1, 1), ( 0, 1), (-1, 1), ( 0, 1), (-1, 1),
   ( 0, 1), ( 0, 1), (-1, 1), ( 1, 1), ( 1, 1), ( 1, 1), ( 1, 1), ( 0, 1),
   ( 1, 1), ( 1, 1), ( 1, 1), ( 0, 1), (-1, 1), ( 1, 1), ( 0, 1), ( 1, 1),
   ( 0, 1), ( 0, 1), ( 1, 1), ( 0, 1), ( 1, 1), ( 1, 1), ( 1, 1), ( 1, 1),
   (-1, 1), ( 0, 1), ( 0, 1), ( 0, 1), ( 0, 1), ( 0, 1), ( 0, 1), ( 0, 1),
   ( 0, 1), ( 0, 1), ( 0, 1), ( 0, 1), ( 0, 1), ( 0, 1), ( 0, 1), ( 0, 1),
   (-1, 1), ( 0, 1), ( 0, 1), ( 1, 1), ( 0, 1), ( 0, 1), ( 0, 1), ( 0, 1),
   ( 0, 1), ( 0, 1), ( 0, 1), ( 1, 1), ( 0, 1), ( 1, 1), (-1, 1), ( 0, 1));

Define KerningPairs
 ("-G","-O","-T","-V","-W","-X","-Y","-Ø","AT","AV","AW","AY","DY","F,","F.","F:",
  "F;","K-","KC","KO","KT","KY","Ky","KØ","LO","LT","LV","LW","LY","Ly","LØ","O,",
  "O.","OY","P,","P-","P.","PA","Pa","Pe","Po","PÅ","Pæ","Pø","T,","T-","T.","T:",
  "T;","TA","Ta","Tc","Te","To","Tr","Ts","Tu","Tw","Ty","TÅ","Tæ","Tø","V,","V-",
  "V.","V:","V;","VA","Va","Ve","Vo","Vu","VÅ","Væ","Vø","W,","W-","W.","W:","W;",
  "WA","Wa","We","Wo","Wr","Wu","WÅ","Wæ","Wø","X-","Y,","Y-","Y.","Y:","Y;","YA",
  "YC","YO","Ya","Ye","Yo","Yu","YÅ","YØ","Yæ","Yø","r,","r.","v,","v.","w,","w-",
  "w.","y,","y.","ÅT","ÅV","ÅW","ÅY","ß-","Ø,","Ø.","ØY","LO","LT","LV","LW","LY",
  "Ly","LØ","ÐY", "fu", "fa", "ma", "of", "ft", "bu", "ti", "Ha", "sa", "ra", "hi", "ff", "Cl");

Define KerningValues
 (   1,   1,  -1,  -1,  -1,  -1,  -1,   1,  -1,  -1,  -1,  -1,  -1,  -3,  -3,  -1,
    -1,  -1,  -1,  -1,  -1,  -1,  -1,  -1,  -1,  -1,  -1,  -1,  -1,  -1,  -1,  -1,
    -1,  -1,  -3,  -1,  -3,  -1,  -1,  -1,  -1,  -1,  -1,  -1,  -2,  -1,  -2,  -2,
    -2,  -1,  -2,  -2,  -2,  -2,  -2,  -2,  -2,  -2,  -2,  -1,  -2,  -2,  -2,  -1,
    -2,  -1,  -1,  -1,  -1,  -1,  -1,  -1,  -1,  -1,  -1,  -2,  -1,  -2,  -1,  -1,
    -1,  -1,  -1,  -1,  -1,  -1,  -1,  -1,  -1,  -1,  -2,  -2,  -2,  -2,  -2,  -2,
    -1,  -1,  -2,  -2,  -2,  -2,  -2,  -1,  -2,  -2,  -2,  -2,  -1,  -1,  -1,   1,
    -1,  -1,  -1,  -1,  -1,  -1,  -1,   1,  -1,  -1,  -1,  -1,  -1,  -1,  -1,  -1,
    -1,  -1,  -1, 1, 1, 1, 1, 1, 1, -1,1, -1, 1, -1, 2, 2);

CreateLayer               Main;
LayerSetImage             Main 'Humanst521BT11Bold';
LayerSetAscent            Main 16;
LayerSetCharWidths        Main CharList WidthList;
LayerSetCharWidths        Main (' ') (4);
LayerSetKerningPairs      Main KerningPairs KerningValues;
LayerSetCharOffsets       Main CharList OffsetList;
LayerSetAscentPadding     Main 2;
LayerSetLineSpacingOffset Main -7;
LayerSetPointSize         Main 11;
LayerSetImageMap          Main CharList RectList;

SetDefaultPointSize  11;
