Define CharList
 ( 'a', 'b', 'c', 'd', 'e', 'f', 'g', 'h', 'i', 'j', 'k', 'l', 'm', 'n', 'o', 'p',
   'q', 'r', 's', 't', 'u', 'v', 'w', 'x', 'y', 'z', 'A', 'B', 'C', 'D', 'E', 'F',
   'G', 'H', 'I', 'J', 'K', 'L', 'M', 'N', 'O', 'P', 'Q', 'R', 'S', 'T', 'U', 'V',
   'W', 'X', 'Y', 'Z', '0', '1', '2', '3', '4', '5', '6', '7', '8', '9', '~', '`',
   '!', '@', '#', '$', '%', '^', '&', '*', '(', ')', '-', '_', '=', '+', '[', '{',
   ']', '}', ';', ':',"'", '"', ',', '<', '.', '>', '/', '?', '¡');

Define WidthList
 (   9,   9,   9,   9,   9,   5,   9,   9,   5,   5,   9,   5,  14,   9,   9,   9,
     9,   7,   7,   6,   9,   9,  13,   9,   9,   9,  11,  10,  11,  13,   9,   9,
    13,  13,   6,   6,  10,   9,  15,  13,  14,   9,  14,  10,   9,   9,  13,  11,
    17,  10,  10,  10,   9,   9,   9,   9,   9,   9,   9,   9,   9,   9,  10,   6,
     6,  13,   9,   9,  17,  10,  12,   8,   6,   6,   6,   9,  10,  10,   6,   6,
     6,   6,   5,   5,   5,   6,   5,  10,   5,  10,   7,   8,   6);

Define RectList
 ( (   0,  0,  8, 21), (   9,  0,  8, 21), (  18,  0,  7, 21), (  26,  0,  8, 21),
   (  35,  0,  8, 21), (  44,  0,  6, 21), (  51,  0,  8, 21), (  60,  0,  7, 21),
   (  68,  0,  2, 21), (  71,  0,  5, 21), (  77,  0,  7, 21), (  85,  0,  2, 21),
   (  88,  0, 12, 21), ( 101,  0,  7, 21), ( 109,  0,  8, 21), ( 118,  0,  8, 21),
   ( 127,  0,  8, 21), ( 136,  0,  6, 21), ( 143,  0,  7, 21), ( 151,  0,  5, 21),
   ( 157,  0,  7, 21), ( 165,  0,  8, 21), ( 174,  0, 13, 21), ( 188,  0,  8, 21),
   ( 197,  0,  8, 21), ( 206,  0,  8, 21), ( 215,  0, 11, 21), ( 227,  0,  7, 21),
   ( 235,  0,  9, 21), ( 245,  0, 10, 21), ( 256,  0,  6, 21), ( 263,  0,  6, 21),
   ( 270,  0, 10, 21), ( 281,  0, 10, 21), ( 292,  0,  2, 21), ( 295,  0,  4, 21),
   ( 300,  0,  8, 21), ( 309,  0,  6, 21), ( 316,  0, 14, 21), ( 331,  0, 10, 21),
   ( 342,  0, 12, 21), ( 355,  0,  7, 21), ( 363,  0, 12, 21), ( 376,  0,  8, 21),
   ( 385,  0,  7, 21), ( 393,  0,  8, 21), ( 402,  0, 10, 21), ( 413,  0, 12, 21),
   ( 426,  0, 17, 21), ( 444,  0, 10, 21), ( 455,  0, 10, 21), ( 466,  0, 11, 21),
   ( 478,  0,  8, 21), ( 487,  0,  5, 21), ( 493,  0,  7, 21), ( 501,  0,  7, 21),
   ( 509,  0,  8, 21), ( 518,  0,  8, 21), ( 527,  0,  7, 21), ( 535,  0,  8, 21),
   ( 544,  0,  7, 21), ( 552,  0,  7, 21), ( 560,  0,  8, 21), ( 569,  0,  4, 21),
   ( 574,  0,  3, 21), ( 578,  0, 11, 21), ( 590,  0,  9, 21), ( 600,  0,  8, 21),
   ( 609,  0, 13, 21), ( 623,  0,  7, 21), ( 631,  0, 11, 21), ( 643,  0,  7, 21),
   ( 651,  0,  4, 21), ( 656,  0,  4, 21), ( 661,  0,  4, 21), ( 666,  0,  9, 21),
   ( 676,  0,  9, 21), ( 686,  0,  8, 21), ( 695,  0,  4, 21), ( 700,  0,  4, 21),
   ( 705,  0,  4, 21), ( 710,  0,  4, 21), ( 715,  0,  4, 21), ( 720,  0,  3, 21),
   ( 724,  0,  2, 21), ( 727,  0,  5, 21), ( 733,  0,  3, 21), ( 737,  0,  9, 21),
   ( 747,  0,  3, 21), ( 751,  0,  9, 21), ( 761,  0,  6, 21), ( 768,  0,  7, 21),
   ( 776,  0,  3, 21));

Define OffsetList
 ( ( 0, 0), ( 1, 0), ( 1, 0), ( 1, 0), ( 1, 0), ( 1, 0), ( 1, 0), ( 1, 0),
   ( 1, 0), (-1, 0), ( 1, 0), ( 1, 0), ( 1, 0), ( 1, 0), ( 1, 0), ( 1, 0),
   ( 1, 0), ( 1, 0), ( 0, 0), ( 1, 0), ( 1, 0), ( 0, 0), ( 0, 0), ( 0, 0),
   ( 0, 0), ( 1, 0), ( 0, 0), ( 2, 0), ( 1, 0), ( 2, 0), ( 1, 0), ( 1, 0),
   ( 1, 0), ( 2, 0), ( 2, 0), (-1, 0), ( 1, 0), ( 2, 0), ( 1, 0), ( 2, 0),
   ( 1, 0), ( 1, 0), ( 1, 0), ( 2, 0), ( 1, 0), ( 1, 0), ( 2, 0), ( 0, 0),
   ( 0, 0), ( 0, 0), ( 0, 0), ( 0, 0), ( 1, 0), ( 1, 0), ( 1, 0), ( 1, 0),
   ( 1, 0), ( 1, 0), ( 1, 0), ( 1, 0), ( 1, 0), ( 1, 0), ( 1, 0), ( 0, 0),
   ( 1, 0), ( 1, 0), ( 0, 0), ( 1, 0), ( 2, 0), ( 2, 0), ( 1, 0), ( 1, 0),
   ( 2, 0), ( 0, 0), ( 1, 0), ( 0, 0), ( 1, 0), ( 1, 0), ( 2, 0), ( 1, 0),
   ( 0, 0), ( 0, 0), ( 0, 0), ( 1, 0), ( 1, 0), ( 0, 0), ( 0, 0), ( 0, 0),
   ( 1, 0), ( 1, 0), ( 0, 0), (-1, 0), ( 2, 0));

CreateLayer               Main;
LayerSetImage             Main 'Optima13Bold';
LayerSetAscent            Main 16;
LayerSetCharWidths        Main CharList WidthList;
LayerSetCharWidths        Main (' ') (5);
LayerSetImageMap          Main CharList RectList;
LayerSetCharOffsets       Main CharList OffsetList;
LayerSetAscentPadding     Main 0;
LayerSetLineSpacingOffset Main 0;
LayerSetPointSize         Main 13;

SetDefaultPointSize  13;
