Define CharList
 ( 'A', 'B', 'C', 'D', 'E', 'F', 'G', 'H', 'I', 'J', 'K', 'L', 'M', 'N', 'O', 'P',
   'Q', 'R', 'S', 'T', 'U', 'V', 'W', 'X', 'Y', 'Z', 'a', 'b', 'c', 'd', 'e', 'f',
   'g', 'h', 'i', 'j', 'k', 'l', 'm', 'n', 'o', 'p', 'q', 'r', 's', 't', 'u', 'v',
   'w', 'x', 'y', 'z', '0', '1', '2', '3', '4', '5', '6', '7', '8', '9', '~', '`',
   '!', '@', '#', '$', '%', '^', '&', '*', '(', ')', '-', '_', '=', '+', '[', '{',
   ']', '}', ';', ':',"'", '"', ',', '<', '.', '>', '/', '?', '¡');

Define WidthList
 (  14,  13,  14,  16,  11,  11,  16,  16,   7,   7,  13,  11,  19,  16,  18,  12,
    18,  13,  11,  12,  16,  14,  21,  13,  13,  13,  11,  12,  11,  12,  11,   7,
    11,  11,   6,   6,  10,   6,  18,  12,  12,  12,  12,   8,   8,   7,  12,  11,
    16,  11,  10,  11,  12,  12,  12,  12,  12,  12,  12,  12,  12,  12,  13,   7,
     7,  16,  12,  12,  21,  13,  15,   9,   7,   7,   7,  11,  13,  13,   7,   7,
     7,   7,   6,   6,   6,   7,   6,  13,   6,  13,   8,   9,   7);

Define RectList
 ( (   0,  0, 14, 25), (  15,  0,  9, 25), (  25,  0, 12, 25), (  38,  0, 13, 25),
   (  52,  0,  8, 25), (  61,  0,  8, 25), (  70,  0, 13, 25), (  84,  0, 13, 25),
   (  98,  0,  3, 25), ( 102,  0,  5, 25), ( 108,  0, 11, 25), ( 120,  0,  8, 25),
   ( 129,  0, 17, 25), ( 147,  0, 12, 25), ( 160,  0, 16, 25), ( 177,  0,  9, 25),
   ( 187,  0, 16, 25), ( 204,  0, 11, 25), ( 216,  0,  9, 25), ( 226,  0, 11, 25),
   ( 238,  0, 13, 25), ( 252,  0, 14, 25), ( 267,  0, 21, 25), ( 289,  0, 12, 25),
   ( 302,  0, 11, 25), ( 314,  0, 13, 25), ( 328,  0, 10, 25), ( 339,  0, 10, 25),
   ( 350,  0,  9, 25), ( 360,  0, 10, 25), ( 371,  0,  9, 25), ( 381,  0,  7, 25),
   ( 389,  0, 10, 25), ( 400,  0,  9, 25), ( 410,  0,  3, 25), ( 414,  0,  5, 25),
   ( 420,  0,  9, 25), ( 430,  0,  3, 25), ( 434,  0, 15, 25), ( 450,  0,  9, 25),
   ( 460,  0, 10, 25), ( 471,  0, 10, 25), ( 482,  0, 10, 25), ( 493,  0,  6, 25),
   ( 500,  0,  7, 25), ( 508,  0,  6, 25), ( 515,  0,  9, 25), ( 525,  0, 10, 25),
   ( 536,  0, 16, 25), ( 553,  0,  9, 25), ( 563,  0, 10, 25), ( 574,  0, 10, 25),
   ( 585,  0, 10, 25), ( 596,  0,  6, 25), ( 603,  0,  9, 25), ( 613,  0, 10, 25),
   ( 624,  0, 10, 25), ( 635,  0, 11, 25), ( 647,  0, 10, 25), ( 658,  0, 10, 25),
   ( 669,  0, 10, 25), ( 680,  0, 10, 25), ( 691,  0, 10, 25), ( 702,  0,  5, 25),
   ( 708,  0,  3, 25), ( 712,  0, 14, 25), ( 727,  0, 11, 25), ( 739,  0, 10, 25),
   ( 750,  0, 16, 25), ( 767,  0, 10, 25), ( 778,  0, 14, 25), ( 793,  0,  7, 25),
   ( 801,  0,  5, 25), ( 807,  0,  5, 25), ( 813,  0,  5, 25), ( 819,  0, 11, 25),
   ( 831,  0, 11, 25), ( 843,  0, 10, 25), ( 854,  0,  4, 25), ( 859,  0,  6, 25),
   ( 866,  0,  4, 25), ( 871,  0,  6, 25), ( 878,  0,  4, 25), ( 883,  0,  3, 25),
   ( 887,  0,  2, 25), ( 890,  0,  6, 25), ( 897,  0,  4, 25), ( 902,  0, 11, 25),
   ( 914,  0,  3, 25), ( 918,  0, 11, 25), ( 930,  0,  8, 25), ( 939,  0,  8, 25),
   ( 948,  0,  3, 25));

Define OffsetList
 ( ( 0, 0), ( 2, 0), ( 1, 0), ( 2, 0), ( 2, 0), ( 2, 0), ( 1, 0), ( 2, 0),
   ( 2, 0), ( 0, 0), ( 2, 0), ( 2, 0), ( 1, 0), ( 2, 0), ( 1, 0), ( 2, 0),
   ( 1, 0), ( 2, 0), ( 1, 0), ( 0, 0), ( 2, 0), ( 0, 0), ( 0, 0), ( 1, 0),
   ( 1, 0), (-1, 0), ( 0, 0), ( 1, 0), ( 1, 0), ( 1, 0), ( 1, 0), ( 1, 0),
   ( 1, 0), ( 1, 0), ( 2, 0), ( 0, 0), ( 1, 0), ( 2, 0), ( 1, 0), ( 1, 0),
   ( 1, 0), ( 1, 0), ( 1, 0), ( 1, 0), ( 1, 0), ( 1, 0), ( 1, 0), ( 0, 0),
   ( 0, 0), ( 1, 0), ( 0, 0), ( 0, 0), ( 1, 0), ( 2, 0), ( 1, 0), ( 1, 0),
   ( 1, 0), (-1, 0), ( 1, 0), ( 1, 0), ( 1, 0), ( 1, 0), ( 1, 0), ( 0, 0),
   ( 2, 0), ( 1, 0), ( 0, 0), ( 1, 0), ( 2, 0), ( 2, 0), ( 1, 0), ( 1, 0),
   ( 2, 0), ( 0, 0), ( 1, 0), ( 0, 0), ( 1, 0), ( 1, 0), ( 3, 0), ( 1, 0),
   ( 0, 0), ( 0, 0), ( 1, 0), ( 1, 0), ( 2, 0), ( 1, 0), ( 1, 0), ( 1, 0),
   ( 1, 0), ( 1, 0), ( 0, 0), ( 0, 0), ( 2, 0));

CreateLayer               Main;
LayerSetImage             Main 'Optima16Bold';
LayerSetAscent            Main 19;
LayerSetCharWidths        Main CharList WidthList;
LayerSetCharWidths        Main (' ') (6);
LayerSetImageMap          Main CharList RectList;
LayerSetCharOffsets       Main CharList OffsetList;
LayerSetAscentPadding     Main 0;
LayerSetLineSpacingOffset Main 0;
LayerSetPointSize         Main 16;

SetDefaultPointSize  16;
