Define CharList
 ( 'A', 'B', 'C', 'D', 'E', 'F', 'G', 'H', 'I', 'J', 'K', 'L', 'M', 'N', 'O', 'P',
   'Q', 'R', 'S', 'T', 'U', 'V', 'W', 'X', 'Y', 'Z', 'a', 'b', 'c', 'd', 'e', 'f',
   'g', 'h', 'i', 'j', 'k', 'l', 'm', 'n', 'o', 'p', 'q', 'r', 's', 't', 'u', 'v',
   'w', 'x', 'y', 'z', '0', '1', '2', '3', '4', '5', '6', '7', '8', '9', '!', '-',
   '+', ',', '.', '?');

Define WidthList
 (  21,  20,  21,  25,  16,  16,  25,  25,  11,  11,  20,  16,  28,  25,  27,  18,
    27,  20,  16,  18,  25,  21,  32,  20,  20,  20,  16,  18,  16,  18,  16,  10,
    16,  18,   9,   9,  16,   9,  27,  18,  18,  18,  18,  12,  12,  11,  18,  16,
    25,  16,  16,  16,  18,  18,  18,  18,  18,  18,  18,  18,  18,  18,  11,  11,
    19,   9,   9,  14);

Define RectList
 ( (   0,  0, 30, 48), (  31,  0, 26, 48), (  58,  0, 29, 48), (  88,  0, 31, 48),
   ( 120,  0, 22, 48), ( 143,  0, 22, 48), ( 166,  0, 31, 48), ( 198,  0, 30, 48),
   ( 229,  0, 15, 48), ( 245,  0, 18, 48), ( 264,  0, 27, 48), ( 292,  0, 22, 48),
   ( 315,  0, 36, 48), ( 352,  0, 29, 48), ( 382,  0, 34, 48), ( 417,  0, 25, 48),
   ( 443,  0, 34, 48), ( 478,  0, 27, 48), ( 506,  0, 24, 48), ( 531,  0, 27, 48),
   ( 559,  0, 30, 48), ( 590,  0, 31, 48), ( 622,  0, 42, 48), ( 665,  0, 28, 48),
   ( 694,  0, 29, 48), ( 724,  0, 30, 48), ( 755,  0, 25, 48), ( 781,  0, 25, 48),
   ( 807,  0, 24, 48), ( 832,  0, 25, 48), ( 858,  0, 25, 48), ( 884,  0, 21, 48),
   ( 906,  0, 25, 48), ( 932,  0, 24, 48), ( 957,  0, 14, 48), ( 972,  0, 17, 48),
   ( 990,  0, 24, 48), (1015,  0, 14, 48), (1030,  0, 34, 48), (1065,  0, 24, 48),
   (1090,  0, 26, 48), (1117,  0, 25, 48), (1143,  0, 25, 48), (1169,  0, 19, 48),
   (1189,  0, 21, 48), (1211,  0, 19, 48), (1231,  0, 24, 48), (1256,  0, 25, 48),
   (1282,  0, 35, 48), (1318,  0, 24, 48), (1343,  0, 25, 48), (1369,  0, 25, 48),
   (1395,  0, 26, 48), (1422,  0, 20, 48), (1443,  0, 24, 48), (1468,  0, 25, 48),
   (1494,  0, 26, 48), (1521,  0, 25, 48), (1547,  0, 25, 48), (1573,  0, 25, 48),
   (1599,  0, 25, 48), (1625,  0, 25, 48), (1651,  0, 15, 48), (1667,  0, 18, 48),
   (1686,  0, 27, 48), (1714,  0, 17, 48), (1732,  0, 15, 48), (1748,  0, 20, 48));

Define OffsetList
 ( (-5, 0), (-2, 0), (-4, 0), (-2, 0), (-2, 0), (-2, 0), (-3, 0), (-2, 0),
   (-2, 0), (-5, 0), (-2, 0), (-2, 0), (-4, 0), (-2, 0), (-4, 0), (-2, 0),
   (-4, 0), (-2, 0), (-4, 0), (-4, 0), (-2, 0), (-4, 0), (-4, 0), (-4, 0),
   (-4, 0), (-6, 0), (-4, 0), (-3, 0), (-4, 0), (-4, 0), (-4, 0), (-4, 0),
   (-4, 0), (-3, 0), (-3, 0), (-5, 0), (-3, 0), (-3, 0), (-3, 0), (-3, 0),
   (-4, 0), (-3, 0), (-4, 0), (-3, 0), (-4, 0), (-4, 0), (-3, 0), (-5, 0),
   (-5, 0), (-4, 0), (-4, 0), (-4, 0), (-4, 0), (-3, 0), (-4, 0), (-4, 0),
   (-4, 0), (-5, 0), (-3, 0), (-3, 0), (-4, 0), (-4, 0), (-2, 0), (-4, 0),
   (-3, 0), (-4, 0), (-3, 0), (-3, 0));

CreateLayer               Main;
LayerSetImage             Main 'Optima24Bold';
LayerSetAscent            Main 34;
LayerSetCharWidths        Main CharList WidthList;
LayerSetCharWidths        Main (' ') (9);
LayerSetImageMap          Main CharList RectList;
LayerSetCharOffsets       Main CharList OffsetList;
LayerSetAscentPadding     Main 5;
LayerSetLineSpacingOffset Main 5;
LayerSetPointSize         Main 24;

SetDefaultPointSize  24;
