Define CharList
 ( 'A', 'B', 'C', 'D', 'E', 'F', 'G', 'H', 'I', 'J', 'K', 'L', 'M', 'N', 'O', 'P',
   'Q', 'R', 'S', 'T', 'U', 'V', 'W', 'X', 'Y', 'Z', 'a', 'b', 'c', 'd', 'e', 'f',
   'g', 'h', 'i', 'j', 'k', 'l', 'm', 'n', 'o', 'p', 'q', 'r', 's', 't', 'u', 'v',
   'w', 'x', 'y', 'z', '0', '1', '2', '3', '4', '5', '6', '7', '8', '9', '~', '`',
   '!', '@', '#', '$', '%', '^', '&', '*', '(', ')', '-', '_', '=', '+', '[', '{',
   ']', '}', ';', ':',"'", '"', ',', '<', '.', '>', '/', '?', '¡', '¢', '£', '¥',
   '§', '©', '®', '¿', 'À', 'Á', 'Â', 'Ã', 'Ä', 'Å', 'Æ', 'Ç', 'È', 'É', 'Ê', 'Ë',
   'Ì', 'Í', 'Î', 'Ï', 'Ð', 'Ñ', 'Ò', 'Ó', 'Ô', 'Õ', 'Ö', 'Ø', 'Ù', 'Ú', 'Û', 'Ü',
   'Ý', 'ß', 'à', 'á', 'â', 'ã', 'ä', 'å', 'æ', 'ç', 'è', 'é', 'ê', 'ë', 'ì', 'í',
   'î', 'ï', 'ð', 'ñ', 'ò', 'ó', 'ô', 'õ', 'ö', 'ø', 'ù', 'ú', 'û', 'ü', 'ý', 'ÿ');

Define WidthList
 (   9,   9,   9,   9,   9,   8,  10,   9,   3,   6,   9,   7,  11,   9,  10,   9,
    10,   9,   9,   7,   9,   9,  13,   7,   9,   7,   7,   7,   7,   7,   7,   3,
     7,   7,   3,   3,   7,   3,  11,   7,   7,   7,   7,   4,   7,   4,   7,   5,
     9,   7,   7,   7,   7,   7,   7,   7,   7,   7,   7,   7,   7,   7,   8,   4,
     3,  13,   7,   7,  12,   5,   0,   5,   4,   4,   4,   7,   8,   8,   4,   4,
     4,   4,   4,   4,   2,   5,   4,   8,   4,   8,   4,   7,   3,   7,   7,   7,
     7,  10,  10,   8,   9,   9,   9,   9,   9,   9,  13,   9,   9,   9,   9,   9,
     3,   3,   3,   3,   9,   9,  10,  10,  10,  10,  10,  10,   9,   9,   9,   9,
     9,   9,   7,   7,   7,   7,   7,   7,  12,   7,   7,   7,   7,   7,   3,   3,
     3,   3,   7,   7,   7,   7,   7,   7,   7,   7,   7,   7,   7,   7,   7,   7);

Define RectList
 ( (   0,  0,  9, 16), (  10,  0,  7, 16), (  18,  0,  7, 16), (  26,  0,  7, 16),
   (  34,  0,  7, 16), (  42,  0,  6, 16), (  49,  0,  8, 16), (  58,  0,  7, 16),
   (  66,  0,  1, 16), (  68,  0,  5, 16), (  74,  0,  8, 16), (  83,  0,  6, 16),
   (  90,  0,  9, 16), ( 100,  0,  7, 16), ( 108,  0,  8, 16), ( 117,  0,  7, 16),
   ( 125,  0,  8, 16), ( 134,  0,  7, 16), ( 142,  0,  7, 16), ( 150,  0,  7, 16),
   ( 158,  0,  7, 16), ( 166,  0,  9, 16), ( 176,  0, 13, 16), ( 190,  0,  7, 16),
   ( 198,  0,  7, 16), ( 206,  0,  7, 16), ( 214,  0,  5, 16), ( 220,  0,  5, 16),
   ( 226,  0,  5, 16), ( 232,  0,  5, 16), ( 238,  0,  5, 16), ( 244,  0,  4, 16),
   ( 249,  0,  5, 16), ( 255,  0,  5, 16), ( 261,  0,  1, 16), ( 263,  0,  3, 16),
   ( 267,  0,  5, 16), ( 273,  0,  1, 16), ( 275,  0,  9, 16), ( 285,  0,  5, 16),
   ( 291,  0,  5, 16), ( 297,  0,  5, 16), ( 303,  0,  5, 16), ( 309,  0,  3, 16),
   ( 313,  0,  5, 16), ( 319,  0,  3, 16), ( 323,  0,  5, 16), ( 329,  0,  5, 16),
   ( 335,  0,  9, 16), ( 345,  0,  5, 16), ( 351,  0,  5, 16), ( 357,  0,  5, 16),
   ( 363,  0,  6, 16), ( 370,  0,  3, 16), ( 374,  0,  6, 16), ( 381,  0,  6, 16),
   ( 388,  0,  6, 16), ( 395,  0,  6, 16), ( 402,  0,  6, 16), ( 409,  0,  6, 16),
   ( 416,  0,  6, 16), ( 423,  0,  6, 16), ( 430,  0,  7, 16), ( 438,  0,  2, 16),
   ( 441,  0,  1, 16), ( 443,  0, 12, 16), ( 456,  0,  8, 16), ( 465,  0,  5, 16),
   ( 471,  0, 10, 16), ( 482,  0,  5, 16), ( 488,  0,  8, 16), ( 497,  0,  5, 16),
   ( 503,  0,  3, 16), ( 507,  0,  3, 16), ( 511,  0,  3, 16), ( 515,  0,  7, 16),
   ( 523,  0,  7, 16), ( 531,  0,  7, 16), ( 539,  0,  2, 16), ( 542,  0,  3, 16),
   ( 546,  0,  2, 16), ( 549,  0,  3, 16), ( 553,  0,  1, 16), ( 555,  0,  1, 16),
   ( 557,  0,  1, 16), ( 559,  0,  3, 16), ( 563,  0,  1, 16), ( 565,  0,  6, 16),
   ( 572,  0,  1, 16), ( 574,  0,  6, 16), ( 581,  0,  4, 16), ( 586,  0,  5, 16),
   ( 592,  0,  1, 16), ( 594,  0,  6, 16), ( 601,  0,  6, 16), ( 608,  0,  7, 16),
   ( 616,  0,  6, 16), ( 623,  0, 10, 16), ( 634,  0, 10, 16), ( 645,  0,  6, 16),
   ( 652,  0,  9, 16), ( 662,  0,  9, 16), ( 672,  0,  9, 16), ( 682,  0,  9, 16),
   ( 692,  0,  9, 16), ( 702,  0,  9, 16), ( 712,  0, 12, 16), ( 725,  0,  7, 16),
   ( 733,  0,  7, 16), ( 741,  0,  7, 16), ( 749,  0,  7, 16), ( 757,  0,  7, 16),
   ( 765,  0,  2, 16), ( 768,  0,  2, 16), ( 771,  0,  4, 16), ( 776,  0,  3, 16),
   ( 780,  0,  8, 16), ( 789,  0,  7, 16), ( 797,  0,  8, 16), ( 806,  0,  8, 16),
   ( 815,  0,  8, 16), ( 824,  0,  8, 16), ( 833,  0,  8, 16), ( 842,  0,  8, 16),
   ( 851,  0,  7, 16), ( 859,  0,  7, 16), ( 867,  0,  7, 16), ( 875,  0,  7, 16),
   ( 883,  0,  7, 16), ( 891,  0,  7, 16), ( 899,  0,  5, 16), ( 905,  0,  5, 16),
   ( 911,  0,  5, 16), ( 917,  0,  5, 16), ( 923,  0,  5, 16), ( 929,  0,  5, 16),
   ( 935,  0, 10, 16), ( 946,  0,  5, 16), ( 952,  0,  5, 16), ( 958,  0,  5, 16),
   ( 964,  0,  5, 16), ( 970,  0,  5, 16), ( 976,  0,  2, 16), ( 979,  0,  2, 16),
   ( 982,  0,  4, 16), ( 987,  0,  3, 16), ( 991,  0,  6, 16), ( 998,  0,  5, 16),
   (1004,  0,  5, 16), (1010,  0,  5, 16), (1016,  0,  5, 16), (1022,  0,  5, 16),
   (1028,  0,  5, 16), (1034,  0,  5, 16), (1040,  0,  5, 16), (1046,  0,  5, 16),
   (1052,  0,  5, 16), (1058,  0,  5, 16), (1064,  0,  5, 16), (1070,  0,  5, 16));

Define OffsetList
 ( ( 0, 0), ( 1, 0), ( 1, 0), ( 1, 0), ( 1, 0), ( 1, 0), ( 1, 0), ( 1, 0),
   ( 1, 0), ( 0, 0), ( 1, 0), ( 1, 0), ( 1, 0), ( 1, 0), ( 1, 0), ( 1, 0),
   ( 1, 0), ( 1, 0), ( 1, 0), ( 0, 0), ( 1, 0), ( 0, 0), ( 0, 0), ( 0, 0),
   ( 1, 0), ( 0, 0), ( 1, 0), ( 1, 0), ( 1, 0), ( 1, 0), ( 1, 0), ( 0, 0),
   ( 1, 0), ( 1, 0), ( 1, 0), (-1, 0), ( 1, 0), ( 1, 0), ( 1, 0), ( 1, 0),
   ( 1, 0), ( 1, 0), ( 1, 0), ( 1, 0), ( 1, 0), ( 0, 0), ( 1, 0), ( 0, 0),
   ( 0, 0), ( 1, 0), ( 1, 0), ( 1, 0), ( 0, 0), ( 1, 0), ( 0, 0), ( 0, 0),
   ( 0, 0), ( 0, 0), ( 0, 0), ( 0, 0), ( 0, 0), ( 0, 0), ( 0, 0), ( 1, 0),
   ( 1, 0), ( 0, 0), ( 0, 0), ( 1, 0), ( 1, 0), ( 0, 0), ( 1, 0), ( 0, 0),
   ( 1, 0), ( 0, 0), ( 0, 0), ( 0, 0), ( 0, 0), ( 1, 0), ( 1, 0), ( 0, 0),
   ( 1, 0), ( 1, 0), ( 1, 0), ( 1, 0), ( 1, 0), ( 1, 0), ( 2, 0), ( 1, 0),
   ( 1, 0), ( 1, 0), ( 0, 0), ( 1, 0), ( 1, 0), ( 0, 0), ( 0, 0), ( 0, 0),
   ( 1, 0), ( 0, 0), ( 0, 0), ( 1, 0), ( 0, 0), ( 0, 0), ( 0, 0), ( 0, 0),
   ( 0, 0), ( 0, 0), ( 0, 0), ( 1, 0), ( 1, 0), ( 1, 0), ( 1, 0), ( 1, 0),
   ( 0, 0), ( 1, 0), ( 0, 0), ( 0, 0), ( 0, 0), ( 1, 0), ( 1, 0), ( 1, 0),
   ( 1, 0), ( 1, 0), ( 1, 0), ( 1, 0), ( 1, 0), ( 1, 0), ( 1, 0), ( 1, 0),
   ( 1, 0), ( 1, 0), ( 1, 0), ( 1, 0), ( 1, 0), ( 1, 0), ( 1, 0), ( 1, 0),
   ( 1, 0), ( 1, 0), ( 1, 0), ( 1, 0), ( 1, 0), ( 1, 0), ( 0, 0), ( 1, 0),
   ( 0, 0), ( 0, 0), ( 0, 0), ( 1, 0), ( 1, 0), ( 1, 0), ( 1, 0), ( 1, 0),
   ( 1, 0), ( 1, 0), ( 1, 0), ( 1, 0), ( 1, 0), ( 1, 0), ( 1, 0), ( 1, 0));

Define KerningPairs
 ("11","AT","AV","AY","F,","F.","FA","LT","LV","LW","LY","P,","P.","PA","T,","T-",
  "T.","T:","T;","TA","Ta","Tc","Te","To","Ts","Tw","Ty","V,","V-","V.","VA","Va",
  "Ve","Vo","W,","W.","Y,","Y-","Y.","Y:","Y;","YA","Ya","Ye","Yo","Yp","Yq","Yu",
  "Yv","r,","r.","v,","v.","w,","w.","y,","y.","G,","G.","St","Sp");

Define KerningValues
 (  -1,  -1,  -1,  -1,  -1,  -1,  -1,  -1,  -1,  -1,  -1,  -2,  -2,  -1,  -1,  -1,
    -1,  -1,  -1,  -1,  -1,  -1,  -1,  -1,  -1,  -1,  -1,  -1,  -1,  -1,  -1,  -1,
    -1,  -1,  -1,  -1,  -2,  -1,  -2,  -1,  -1,  -1,  -1,  -1,  -1,  -1,  -1,  -1,
    -1,  -1,  -1,  -1,  -1,  -1,  -1,  -1,  -1,  -1,  -1,  -1,  -1);

CreateLayer               Main;
LayerSetImage             Main 'Arial10';
LayerSetAscent            Main 13;
LayerSetCharWidths        Main CharList WidthList;
LayerSetCharWidths        Main (' ') (4);
LayerSetKerningPairs      Main KerningPairs KerningValues;
LayerSetImageMap          Main CharList RectList;
LayerSetCharOffsets       Main CharList OffsetList;
LayerSetAscentPadding     Main 0;
LayerSetLineSpacingOffset Main 0;
LayerSetPointSize         Main 10;

SetDefaultPointSize  10;
