Define CharList
 ( 'A', 'B', 'C', 'D', 'E', 'F', 'G', 'H', 'I', 'J', 'K', 'L', 'M', 'N', 'O', 'P',
   'Q', 'R', 'S', 'T', 'U', 'V', 'W', 'X', 'Y', 'Z', 'a', 'b', 'c', 'd', 'e', 'f',
   'g', 'h', 'i', 'j', 'k', 'l', 'm', 'n', 'o', 'p', 'q', 'r', 's', 't', 'u', 'v',
   'w', 'x', 'y', 'z', '0', '1', '2', '3', '4', '5', '6', '7', '8', '9', '~', '`',
   '!', '@', '#', '$', '%', '^', '&', '*', '(', ')', '-', '_', '=', '+', '[', '{',
   ']', '}', ';', ':',"'", '"', ',', '<', '.', '>', '/', '?', '¡', '¢', '£', '¥',
   '§', '©', '®', '¿', 'À', 'Á', 'Â', 'Ã', 'Ä', 'Å', 'Æ', 'Ç', 'È', 'É', 'Ê', 'Ë',
   'Ì', 'Í', 'Î', 'Ï', 'Ð', 'Ñ', 'Ò', 'Ó', 'Ô', 'Õ', 'Ö', 'Ø', 'Ù', 'Ú', 'Û', 'Ü',
   'Ý', 'ß', 'à', 'á', 'â', 'ã', 'ä', 'å', 'æ', 'ç', 'è', 'é', 'ê', 'ë', 'ì', 'í',
   'î', 'ï', 'ð', 'ñ', 'ò', 'ó', 'ô', 'õ', 'ö', 'ø', 'ù', 'ú', 'û', 'ü', 'ý', 'ÿ');

Define WidthList
 (   8,   7,   7,   7,   6,   6,   8,   7,   2,   5,   7,   6,   8,   7,   8,   6,
     8,   7,   7,   6,   7,   8,  10,   7,   8,   7,   6,   6,   6,   6,   6,   4,
     6,   6,   2,   2,   5,   2,   8,   6,   6,   6,   6,   4,   6,   3,   6,   6,
    10,   6,   6,   6,   6,   6,   6,   6,   6,   6,   6,   6,   6,   6,   6,   4,
     2,  11,   6,   6,  10,   5,   0,   4,   4,   4,   4,   6,   6,   6,   3,   4,
     3,   4,   3,   3,   2,   4,   3,   6,   3,   6,   3,   6,   2,   6,   6,   6,
     6,   8,   8,   6,   8,   8,   8,   8,   8,   8,  11,   7,   6,   6,   6,   6,
     2,   2,   2,   2,   8,   7,   8,   8,   8,   8,   8,   8,   7,   7,   7,   7,
     8,   7,   6,   6,   6,   6,   6,   6,  10,   6,   6,   6,   6,   6,   2,   2,
     2,   2,   6,   6,   6,   6,   6,   6,   6,   6,   6,   6,   6,   6,   6,   6);

Define RectList
 ( (   0,  0,  7, 14), (   8,  0,  6, 14), (  15,  0,  6, 14), (  22,  0,  6, 14),
   (  29,  0,  5, 14), (  35,  0,  5, 14), (  41,  0,  7, 14), (  49,  0,  6, 14),
   (  56,  0,  1, 14), (  58,  0,  4, 14), (  63,  0,  6, 14), (  70,  0,  5, 14),
   (  76,  0,  7, 14), (  84,  0,  6, 14), (  91,  0,  7, 14), (  99,  0,  5, 14),
   ( 105,  0,  7, 14), ( 113,  0,  6, 14), ( 120,  0,  6, 14), ( 127,  0,  5, 14),
   ( 133,  0,  6, 14), ( 140,  0,  7, 14), ( 148,  0, 11, 14), ( 160,  0,  6, 14),
   ( 167,  0,  7, 14), ( 175,  0,  6, 14), ( 182,  0,  5, 14), ( 188,  0,  5, 14),
   ( 194,  0,  5, 14), ( 200,  0,  5, 14), ( 206,  0,  5, 14), ( 212,  0,  3, 14),
   ( 216,  0,  5, 14), ( 222,  0,  5, 14), ( 228,  0,  1, 14), ( 230,  0,  2, 14),
   ( 233,  0,  4, 14), ( 238,  0,  1, 14), ( 240,  0,  7, 14), ( 248,  0,  5, 14),
   ( 254,  0,  5, 14), ( 260,  0,  5, 14), ( 266,  0,  5, 14), ( 272,  0,  3, 14),
   ( 276,  0,  5, 14), ( 282,  0,  3, 14), ( 286,  0,  5, 14), ( 292,  0,  5, 14),
   ( 298,  0,  9, 14), ( 308,  0,  5, 14), ( 314,  0,  5, 14), ( 320,  0,  5, 14),
   ( 326,  0,  5, 14), ( 332,  0,  3, 14), ( 336,  0,  5, 14), ( 342,  0,  5, 14),
   ( 348,  0,  5, 14), ( 354,  0,  5, 14), ( 360,  0,  5, 14), ( 366,  0,  5, 14),
   ( 372,  0,  5, 14), ( 378,  0,  5, 14), ( 384,  0,  5, 14), ( 390,  0,  2, 14),
   ( 393,  0,  1, 14), ( 395,  0, 10, 14), ( 406,  0,  5, 14), ( 412,  0,  5, 14),
   ( 418,  0,  9, 14), ( 428,  0,  5, 14), ( 434,  0,  6, 14), ( 441,  0,  3, 14),
   ( 445,  0,  3, 14), ( 449,  0,  3, 14), ( 453,  0,  3, 14), ( 457,  0,  6, 14),
   ( 464,  0,  5, 14), ( 470,  0,  5, 14), ( 476,  0,  2, 14), ( 479,  0,  3, 14),
   ( 483,  0,  2, 14), ( 486,  0,  3, 14), ( 490,  0,  1, 14), ( 492,  0,  1, 14),
   ( 494,  0,  1, 14), ( 496,  0,  3, 14), ( 500,  0,  1, 14), ( 502,  0,  5, 14),
   ( 508,  0,  1, 14), ( 510,  0,  5, 14), ( 516,  0,  3, 14), ( 520,  0,  5, 14),
   ( 526,  0,  1, 14), ( 528,  0,  5, 14), ( 534,  0,  5, 14), ( 540,  0,  5, 14),
   ( 546,  0,  5, 14), ( 552,  0,  8, 14), ( 561,  0,  8, 14), ( 570,  0,  5, 14),
   ( 576,  0,  7, 14), ( 584,  0,  7, 14), ( 592,  0,  7, 14), ( 600,  0,  7, 14),
   ( 608,  0,  7, 14), ( 616,  0,  7, 14), ( 624,  0, 10, 14), ( 635,  0,  6, 14),
   ( 642,  0,  5, 14), ( 648,  0,  5, 14), ( 654,  0,  5, 14), ( 660,  0,  5, 14),
   ( 666,  0,  2, 14), ( 669,  0,  2, 14), ( 672,  0,  3, 14), ( 676,  0,  3, 14),
   ( 680,  0,  7, 14), ( 688,  0,  6, 14), ( 695,  0,  7, 14), ( 703,  0,  7, 14),
   ( 711,  0,  7, 14), ( 719,  0,  7, 14), ( 727,  0,  7, 14), ( 735,  0,  7, 14),
   ( 743,  0,  6, 14), ( 750,  0,  6, 14), ( 757,  0,  6, 14), ( 764,  0,  6, 14),
   ( 771,  0,  7, 14), ( 779,  0,  6, 14), ( 786,  0,  5, 14), ( 792,  0,  5, 14),
   ( 798,  0,  5, 14), ( 804,  0,  5, 14), ( 810,  0,  5, 14), ( 816,  0,  5, 14),
   ( 822,  0,  9, 14), ( 832,  0,  5, 14), ( 838,  0,  5, 14), ( 844,  0,  5, 14),
   ( 850,  0,  5, 14), ( 856,  0,  5, 14), ( 862,  0,  2, 14), ( 865,  0,  2, 14),
   ( 868,  0,  3, 14), ( 872,  0,  3, 14), ( 876,  0,  5, 14), ( 882,  0,  5, 14),
   ( 888,  0,  5, 14), ( 894,  0,  5, 14), ( 900,  0,  5, 14), ( 906,  0,  5, 14),
   ( 912,  0,  5, 14), ( 918,  0,  5, 14), ( 924,  0,  5, 14), ( 930,  0,  5, 14),
   ( 936,  0,  5, 14), ( 942,  0,  5, 14), ( 948,  0,  5, 14), ( 954,  0,  5, 14));

Define OffsetList
 ( ( 0, 0), ( 0, 0), ( 0, 0), ( 0, 0), ( 0, 0), ( 0, 0), ( 0, 0), ( 0, 0),
   ( 0, 0), ( 0, 0), ( 0, 0), ( 0, 0), ( 0, 0), ( 0, 0), ( 0, 0), ( 0, 0),
   ( 0, 0), ( 0, 0), ( 0, 0), ( 0, 0), ( 0, 0), ( 0, 0), (-1, 0), ( 0, 0),
   ( 0, 0), ( 0, 0), ( 0, 0), ( 0, 0), ( 0, 0), ( 0, 0), ( 0, 0), ( 0, 0),
   ( 0, 0), ( 0, 0), ( 0, 0), (-1, 0), ( 0, 0), ( 0, 0), ( 0, 0), ( 0, 0),
   ( 0, 0), ( 0, 0), ( 0, 0), ( 0, 0), ( 0, 0), (-1, 0), ( 0, 0), ( 0, 0),
   ( 0, 0), ( 0, 0), ( 0, 0), ( 0, 0), ( 0, 0), ( 0, 0), ( 0, 0), ( 0, 0),
   ( 0, 0), ( 0, 0), ( 0, 0), ( 0, 0), ( 0, 0), ( 0, 0), ( 0, 0), ( 0, 0),
   ( 0, 0), ( 0, 0), ( 0, 0), ( 0, 0), ( 0, 0), ( 0, 0), ( 0, 0), ( 0, 0),
   ( 0, 0), ( 0, 0), ( 0, 0), ( 0, 0), ( 0, 0), ( 0, 0), ( 0, 0), ( 0, 0),
   ( 0, 0), ( 1, 0), ( 0, 0), ( 0, 0), ( 0, 0), ( 0, 0), ( 1, 0), ( 0, 0),
   ( 1, 0), ( 0, 0), ( 0, 0), ( 0, 0), ( 0, 0), ( 0, 0), ( 0, 0), ( 0, 0),
   ( 0, 0), ( 0, 0), ( 0, 0), ( 0, 0), ( 0, 0), ( 0, 0), ( 0, 0), ( 0, 0),
   ( 0, 0), ( 0, 0), ( 0, 0), ( 0, 0), ( 0, 0), ( 0, 0), ( 0, 0), ( 0, 0),
   (-1, 0), ( 0, 0), (-1, 0), (-1, 0), ( 0, 0), ( 0, 0), ( 0, 0), ( 0, 0),
   ( 0, 0), ( 0, 0), ( 0, 0), ( 0, 0), ( 0, 0), ( 0, 0), ( 0, 0), ( 0, 0),
   ( 0, 0), ( 0, 0), ( 0, 0), ( 0, 0), ( 0, 0), ( 0, 0), ( 0, 0), ( 0, 0),
   ( 0, 0), ( 0, 0), ( 0, 0), ( 0, 0), ( 0, 0), ( 0, 0), (-1, 0), ( 0, 0),
   ( 0, 0), (-1, 0), ( 0, 0), ( 0, 0), ( 0, 0), ( 0, 0), ( 0, 0), ( 0, 0),
   ( 0, 0), ( 0, 0), ( 0, 0), ( 0, 0), ( 0, 0), ( 0, 0), ( 0, 0), ( 0, 0));

Define KerningPairs
 ("11","AT","AV","AY","F,","F.","FA","LT","LV","LW","LY","P,","P.","PA","T,","T-",
  "T.","T:","T;","TA","Ta","Tc","Te","To","Ts","Tw","Ty","V,","V-","V.","VA","Va",
  "Ve","Vo","W,","W.","Y,","Y-","Y.","Y:","Y;","YA","Ya","Ye","Yo","Yp","Yq","Yu",
  "Yv","r,","r.","v,","v.","w,","w.","y,","y.","G,","G.","St","Sp");

Define KerningValues
 (  -1,  -1,  -1,  -1,  -1,  -1,  -1,  -1,  -1,  -1,  -1,  -1,  -1,  -1,  -1,  -1,
    -1,  -1,  -1,  -1,  -1,  -1,  -1,  -1,  -1,  -1,  -1,  -1,  -1,  -1,  -1,  -1,
    -1,  -1,  -1,  -1,  -1,  -1,  -1,  -1,  -1,  -1,  -1,  -1,  -1,  -1,  -1,  -1,
    -1,  -1,  -1,  -1,  -1,  -1,  -1,  -1,  -1,  -1,  -1,  -1,  -1);

CreateLayer               Main;
LayerSetImage             Main 'Arial8';
LayerSetAscent            Main 11;
LayerSetCharWidths        Main CharList WidthList;
LayerSetCharWidths        Main (' ') (3);
LayerSetKerningPairs      Main KerningPairs KerningValues;
LayerSetImageMap          Main CharList RectList;
LayerSetCharOffsets       Main CharList OffsetList;
LayerSetAscentPadding     Main 0;
LayerSetLineSpacingOffset Main 0;
LayerSetPointSize         Main 8;

SetDefaultPointSize  8;
